tensor([[[[ 6.3689e+00,  7.4816e+00,  1.4692e+01,  ...,  5.2575e+00,
            6.3541e+00,  8.1167e+00],
          [ 9.8504e+00,  7.8195e+00,  1.4054e+01,  ..., -1.3826e-01,
            5.8580e+00,  1.6237e+00],
          [ 7.8573e+00,  8.0772e+00, -2.0604e-02,  ...,  8.5777e-02,
            3.4913e+00,  1.0058e+01],
          ...,
          [ 1.2074e+01,  6.0743e+00, -3.8753e-01,  ...,  8.3516e+00,
           -3.6290e-04,  5.7560e+00],
          [ 8.1374e+00,  2.7899e-01,  3.6326e+00,  ...,  3.6819e+00,
            1.2936e+01,  2.0817e+00],
          [ 1.3102e+01,  7.8364e+00,  1.4509e+01,  ...,  5.4833e+00,
            8.8145e+00,  9.5191e+00]],

         [[-8.2139e-01, -5.2433e-01, -7.2833e-01,  ..., -1.0207e+00,
           -1.3591e+00, -1.6759e+00],
          [-6.4347e-01, -7.4552e-01, -1.5425e+00,  ..., -9.1373e-01,
           -9.3589e-01, -1.2280e+00],
          [-1.2733e+00, -5.1004e-01,  1.7478e-01,  ..., -7.8955e-01,
           -1.0933e+00, -1.4404e+00],
          ...,
          [-1.0315e+00, -1.4529e+00, -2.2271e-01,  ..., -1.2542e+00,
           -1.0021e+00, -3.9858e-01],
          [-1.0817e+00, -5.5294e-01, -2.7479e-01,  ..., -9.3467e-01,
           -8.1533e-01, -8.4977e-01],
          [-9.2337e-01, -6.4900e-01, -9.8095e-02,  ..., -9.3683e-01,
           -3.9938e-01, -8.9977e-01]],

         [[-1.2331e-01, -6.1098e-02,  3.6167e+00,  ...,  4.0061e+00,
            6.2277e+00,  8.9506e+00],
          [-5.2093e-02, -1.5840e-01,  2.2030e+00,  ...,  8.2611e+00,
            7.6181e+00,  8.4504e+00],
          [ 4.2955e+00,  1.1069e+00, -1.1855e-01,  ...,  6.1036e+00,
            6.9665e+00,  1.3529e+00],
          ...,
          [ 2.5484e+00,  1.7350e+00,  2.5691e+00,  ...,  2.1562e+00,
            4.9845e+00,  4.1559e+00],
          [ 2.5725e+00,  3.2250e+00,  4.4163e+00,  ..., -5.0859e-02,
           -1.3434e-01,  2.3202e+00],
          [-1.1754e-01,  1.0148e+00,  3.0305e-01,  ...,  4.5497e-01,
           -1.3131e-01,  1.9919e+00]],

         ...,

         [[ 2.1534e+01,  2.2788e+01,  6.6811e+01,  ...,  3.2536e+01,
            5.3856e+01,  5.5967e+01],
          [ 3.6174e+01,  9.2356e+01,  8.4707e+01,  ...,  2.6177e+01,
            2.9539e+01, -1.8483e+00],
          [ 2.7292e+01,  9.9735e+01,  4.9548e+01,  ...,  5.4937e+01,
            1.0575e+02,  4.7454e+01],
          ...,
          [ 2.9975e+01,  3.4566e+01,  5.4642e+01,  ...,  7.1957e+01,
            5.5377e+00,  5.6428e+01],
          [ 8.9449e+00,  2.1865e+01,  5.4632e+01,  ...,  2.7244e+01,
            1.8562e+01,  3.3229e-01],
          [ 4.7421e+01,  7.7837e+01,  8.0824e+01,  ...,  7.7914e+01,
            6.1498e+01,  4.3732e+01]],

         [[ 1.4937e+01,  9.3655e+00, -5.6670e-01,  ...,  1.2506e+01,
            3.5032e+01,  4.9574e+01],
          [-5.1944e-01,  1.2799e+01,  4.8941e+01,  ...,  5.4734e+01,
            5.1922e+01,  4.4067e+01],
          [ 2.4838e+01, -9.0461e-01,  8.1074e+01,  ...,  2.5740e+01,
            3.6146e+01,  1.2431e+01],
          ...,
          [ 3.1694e+01,  4.5645e+01,  6.4088e+01,  ...,  1.0016e+01,
            1.2907e+01,  1.4851e+01],
          [ 2.8952e+01,  3.5266e+01,  3.9385e+01,  ...,  4.4169e+01,
            1.6088e+01,  2.3558e+01],
          [ 2.6999e+01, -1.5431e+00,  2.7726e+00,  ...,  3.3836e+01,
            1.7984e+01,  2.4293e+01]],

         [[ 1.2830e+01,  1.5506e+01,  1.1403e+00,  ..., -1.9731e-01,
           -6.1771e-02, -1.6519e-01],
          [ 1.5755e+01,  1.6049e+01,  9.9966e+00,  ..., -1.7424e-01,
           -4.4407e-02, -9.1288e-01],
          [ 8.9286e+00,  1.2082e+01,  8.2566e+00,  ...,  5.3145e+00,
           -4.3525e-01,  1.3109e+01],
          ...,
          [ 8.1845e+00, -1.4270e-01,  1.8004e+00,  ...,  8.3028e+00,
            1.7015e+00,  3.2545e+00],
          [ 7.1399e+00,  4.0210e+00,  6.4555e+00,  ...,  3.7793e+00,
            1.4458e+01,  9.6028e+00],
          [ 1.1524e+01,  8.0028e+00,  5.8910e+00,  ...,  1.0791e+01,
            1.1858e+01,  3.2568e+00]]]],
       grad_fn=<MaxPool2DWithIndicesBackward0>)