tensor([[[[ 2.6038e+01,  2.5036e+01,  1.4279e+01,  ...,  1.9552e+01,
            1.1121e+01,  1.6115e+01],
          [ 2.3074e+01,  1.8103e+01,  5.1054e+00,  ...,  8.1438e+00,
            9.7804e+00,  1.7668e+00],
          [ 1.3197e+01,  5.9670e+00,  1.6685e+01,  ...,  1.6715e+01,
            6.3406e+00,  2.6544e+00],
          ...,
          [ 1.3232e+01,  1.0403e+01,  1.6242e+01,  ...,  1.2771e+01,
            1.2389e+01,  2.2625e+00],
          [ 1.8478e+01,  2.1171e+01,  1.5663e+01,  ...,  2.0497e+01,
            2.0170e+01,  1.4559e+01],
          [ 7.9007e+00, -2.8241e-03,  8.6463e+00,  ...,  2.4473e+01,
            9.1824e+00,  3.7770e+00]],

         [[-3.7522e-01, -2.1021e-01,  4.8858e-01,  ...,  3.4642e-01,
            4.6927e+00,  7.0903e+00],
          [-1.2594e-01, -4.9671e-01,  1.0268e+00,  ..., -1.2503e+00,
           -1.5697e-01, -2.0060e-01],
          [ 2.5621e+00, -9.5044e-02, -2.3515e-01,  ..., -5.6584e-01,
           -6.3707e-01, -7.5942e-01],
          ...,
          [ 1.8492e+00,  1.5217e-01, -2.2163e-01,  ..., -7.8688e-01,
           -3.8658e-01,  4.1928e+00],
          [-3.7167e-01, -2.8623e-01, -3.5665e-01,  ..., -8.3136e-01,
           -4.9889e-01,  5.6468e-01],
          [-6.0431e-02,  1.1670e+00, -1.7135e-01,  ..., -9.7704e-01,
           -9.3932e-01, -6.2701e-01]],

         [[ 3.5282e+01, -2.4403e+00, -1.5806e+00,  ...,  2.6534e+01,
            1.3108e+01, -4.4089e-01],
          [ 1.1625e+01, -1.0179e+00, -2.2575e+00,  ..., -4.3895e+00,
           -4.4932e+00, -4.9563e+00],
          [-2.9275e-01, -2.9838e+00, -2.4658e+00,  ..., -3.1586e+00,
           -1.1504e+00, -5.1744e+00],
          ...,
          [ 1.2825e+01, -2.0525e+00, -5.7644e+00,  ..., -1.5592e+00,
           -4.6204e+00, -2.8211e+00],
          [-2.3159e+00, -3.2169e+00,  3.1137e+00,  ..., -4.1265e+00,
           -2.6947e+00, -1.7943e+00],
          [-3.0341e+00,  3.9877e+00, -5.5242e+00,  ..., -3.8797e+00,
           -2.7912e+00, -3.5780e+00]],

         ...,

         [[-2.4866e+00, -5.4875e+00, -3.4266e+00,  ..., -5.1796e+00,
           -9.8140e-01, -7.7014e-01],
          [-1.6356e+00, -4.4340e+00, -2.0135e+00,  ..., -3.3659e+00,
           -2.4416e+00, -1.4327e+00],
          [-1.7383e+00, -4.1424e+00, -3.5606e+00,  ..., -1.9057e+00,
           -3.3983e-01, -8.1271e-01],
          ...,
          [-2.1387e+00, -1.3007e+00, -1.8383e+00,  ..., -1.9753e+00,
           -2.2181e+00, -2.7392e+00],
          [-2.8279e+00, -1.2280e+00, -3.4486e-01,  ..., -1.2264e+00,
           -5.6756e-01, -7.1553e-01],
          [-1.4544e+00, -2.8495e+00, -3.1239e+00,  ..., -1.9977e+00,
           -1.8170e+00, -2.4140e+00]],

         [[-2.0167e+00, -5.6985e-02, -1.8400e+00,  ..., -3.6643e+00,
           -8.0685e-01, -2.7600e+00],
          [-4.6609e+00, -5.6020e+00, -3.9246e+00,  ..., -6.1415e+00,
           -1.4396e+00, -2.9905e+00],
          [-2.0390e+00, -4.3433e+00, -3.7508e+00,  ..., -5.1282e+00,
           -3.0053e+00, -3.4367e+00],
          ...,
          [-4.3585e+00, -5.4416e+00, -3.5020e+00,  ..., -5.7146e+00,
           -5.9859e+00, -6.6349e+00],
          [-2.8939e+00, -3.3585e-01, -1.3217e+00,  ..., -1.7074e+00,
           -4.2212e+00, -3.7059e+00],
          [-2.7758e+00, -1.0093e+00, -2.1833e+00,  ...,  3.3617e+00,
           -1.6690e+00, -1.5777e+00]],

         [[ 3.2589e+01,  3.3196e+01,  4.3661e+01,  ...,  2.9161e+01,
            5.3499e+01,  3.3359e+01],
          [ 2.0825e+01,  4.8941e+01,  5.9224e+01,  ...,  3.4303e+01,
            4.0848e+01,  3.8839e+01],
          [ 6.9341e+01,  6.4758e+01,  8.1444e+00,  ...,  4.5518e+01,
            2.4433e+01,  3.8195e+01],
          ...,
          [ 4.3707e+01,  5.5429e+01,  7.3365e+01,  ...,  4.0822e+01,
            4.5323e+01,  2.7534e+01],
          [ 3.3265e+01,  2.1729e+01,  6.5105e+01,  ...,  4.0624e+01,
            3.0822e+01,  3.1216e+01],
          [ 2.5167e+01,  2.1039e+01, -1.8099e-01,  ...,  5.3556e+01,
            2.3381e+01,  1.5000e+01]]]],
       grad_fn=<MaxPool2DWithIndicesBackward0>)