tensor([[[[28.4310, -0.8513, -0.4709,  ..., -0.5861, -0.9193, -1.0505],
          [22.7135, -0.3440, -0.9266,  ..., -0.5738, -1.5359, -1.4030],
          [22.1439, -0.3778, -0.7846,  ..., -1.0219, -1.5280, -1.1542],
          ...,
          [ 5.1858, -0.3613, -1.3764,  ..., -1.5534, -0.7694, -2.0904],
          [15.0994, -1.4103, -1.7409,  ..., -1.3648, -1.3302, -0.9214],
          [ 6.9200, -0.2092, -1.3902,  ..., -0.5027, -0.6755, -0.8721]],

         [[ 2.8189,  2.6686,  2.7352,  ..., -0.0448, -0.2044, -0.5503],
          [-0.5661, -0.7972, -0.8175,  ..., -1.1330, -0.8334, -0.9477],
          [-0.6502, -0.3984, -0.8951,  ..., -0.5303, -1.0543, -1.2436],
          ...,
          [-1.0135, -0.4045, -0.5223,  ..., -0.9070, -0.6198, -1.0933],
          [-0.5751, -1.2267, -0.5098,  ..., -1.2237, -0.8856, -0.6418],
          [-0.5113, -1.0597, -0.6803,  ..., -0.7531, -0.6811, -1.2930]],

         [[-1.3427, -1.4389, -1.8110,  ..., -1.7765, -1.6365, -0.8054],
          [-1.0580, -1.2196, -1.8831,  ..., -1.7371, -1.8263, -0.9291],
          [-0.9673, -1.2751, -0.8893,  ..., -1.7366, -0.9476, -1.7746],
          ...,
          [-1.4262, -1.5249, -0.9131,  ..., -1.4407, -1.6882, -1.6563],
          [-0.8574, -1.4302, -1.1431,  ..., -1.4328, -1.4298, -1.7354],
          [-0.6407, -0.9440, -1.4715,  ..., -0.1967, -1.1064, -1.3466]],

         ...,

         [[-1.2510, -2.1520, -1.5386,  ..., -1.2786, -0.9915, -0.6785],
          [-0.8002, -1.9712, -1.7503,  ..., -1.3748, -1.8725, -1.0012],
          [-1.4983, -2.2020, -1.5424,  ..., -1.7312, -1.5130, -0.9849],
          ...,
          [-1.6186, -1.9025, -1.3672,  ..., -2.1182, -1.7496, -1.4844],
          [-1.7970, -2.4786, -1.9214,  ..., -1.7195, -1.2142, -0.9817],
          [-0.7353, -1.2492, -0.8786,  ..., -0.9291, -1.2701, -0.7208]],

         [[ 0.9865, -0.5661, -0.1331,  ..., -0.1958, -0.4726,  1.8037],
          [-0.1178, -0.5563, -0.6665,  ..., -0.5710, -1.0747, -0.3202],
          [-0.5269, -0.6717, -0.8680,  ..., -0.8954, -0.9905, -0.7267],
          ...,
          [-0.7111, -0.5403, -0.6763,  ..., -0.2118, -0.9827, -0.8463],
          [-0.5758, -0.9555, -0.4667,  ..., -0.6488, -0.5953, -0.1332],
          [-0.3898, -0.8077, -0.2182,  ...,  1.3695, -0.1351, -0.6697]],

         [[-0.3989, -1.0302, -1.1032,  ..., -0.8725, -0.6670, -1.1972],
          [-0.5342, -1.2873, -1.5984,  ..., -0.9344, -1.3839, -1.4784],
          [-0.5378, -1.2472, -1.4172,  ..., -1.4194, -1.1546, -1.4520],
          ...,
          [-1.0559, -1.0355, -1.1268,  ..., -1.4234, -1.4326, -1.3952],
          [-0.5309, -1.2385, -1.0965,  ..., -1.3333, -1.5616, -1.5223],
          [-0.3779, -1.1992, -1.4844,  ..., -0.8686, -1.0631, -0.9882]]]],
       grad_fn=<MaxPool2DWithIndicesBackward0>)