tensor([[[[-3.1599e-02, -3.6242e-01, -3.9628e-01,  ..., -3.6944e-01,
           -3.3282e-01, -2.1749e-01],
          [-2.4409e-02, -4.3625e-01, -5.2548e-01,  ..., -4.3306e-01,
           -4.1960e-01, -2.8381e-01],
          [-6.0455e-02, -4.5661e-01, -6.5009e-01,  ..., -4.7973e-01,
           -4.3888e-01, -2.8332e-01],
          ...,
          [-1.3769e-01, -5.0517e-01, -6.6312e-01,  ..., -5.9568e-01,
           -4.8192e-01, -3.4396e-01],
          [-1.1806e-01, -4.3054e-01, -5.4973e-01,  ..., -5.1849e-01,
           -4.0233e-01, -2.9582e-01],
          [-1.0854e-01, -2.8630e-01, -3.9318e-01,  ..., -3.8522e-01,
           -3.3789e-01, -2.0087e-01]],

         [[ 1.6235e+00,  1.2125e+00,  1.6045e-01,  ..., -2.3519e-02,
            4.3574e-01,  2.2749e-02],
          [ 1.9707e+00,  3.1399e-01, -4.3190e-02,  ..., -1.1576e-01,
           -1.8277e-02, -4.5791e-04],
          [ 4.5460e+00,  3.9507e+00,  2.7750e+00,  ...,  7.3662e-01,
            1.2489e+00,  7.4285e-01],
          ...,
          [ 4.2491e+00,  4.3813e+00,  4.1633e+00,  ...,  2.5397e+00,
            2.5220e+00,  2.4281e+00],
          [ 3.3423e+00,  3.0786e+00,  3.3697e+00,  ...,  2.5952e+00,
            2.9107e+00,  3.1812e+00],
          [ 2.5543e+00,  1.2647e+00,  1.8015e+00,  ...,  1.2760e+00,
            1.1803e+00,  1.4555e+00]],

         [[ 7.6252e-01,  2.9249e+00,  2.6022e+00,  ...,  1.5499e+00,
            2.1341e+00,  2.0463e+00],
          [-6.9576e-02,  1.1387e+00,  1.3190e-01,  ..., -7.8437e-02,
           -2.2849e-02,  6.2682e-01],
          [-1.1050e-01,  2.0318e-01, -1.1028e-01,  ..., -1.0369e-01,
           -8.7322e-02,  1.0474e-01],
          ...,
          [-1.9408e-01, -2.1179e-01, -3.0400e-01,  ..., -4.4845e-01,
           -2.6170e-01, -9.8852e-02],
          [-1.3600e-01, -1.5438e-01, -1.4017e-01,  ..., -3.2940e-01,
           -1.6597e-01, -3.6143e-02],
          [-7.6009e-02, -1.4440e-01, -1.1335e-01,  ..., -2.3609e-01,
           -1.4171e-01, -7.3732e-02]],

         ...,

         [[-5.5184e-01, -5.4703e-01, -6.1449e-01,  ..., -1.2554e-01,
           -7.6542e-02,  3.2487e-01],
          [-5.3365e-01, -6.8185e-01, -7.0618e-01,  ..., -2.7153e-01,
           -8.2523e-02,  8.5961e-01],
          [-4.7336e-01, -6.4474e-01, -5.6000e-01,  ..., -2.3460e-01,
           -3.7276e-02,  2.5587e-01],
          ...,
          [-3.1490e-01, -5.0150e-01, -4.0174e-01,  ..., -3.1146e-01,
           -1.6055e-01, -1.9296e-02],
          [-3.3861e-01, -5.5392e-01, -5.7158e-01,  ..., -5.3089e-01,
           -3.7159e-01, -1.8882e-01],
          [-1.7950e-01, -2.7267e-01, -2.7733e-01,  ..., -3.7449e-01,
           -2.5192e-01, -4.8430e-02]],

         [[-2.8375e-01, -4.2937e-01, -6.6469e-01,  ..., -7.1565e-01,
           -5.2511e-01, -3.2406e-01],
          [-5.5137e-01, -7.4435e-01, -1.0156e+00,  ..., -1.1291e+00,
           -8.9040e-01, -5.1277e-01],
          [-7.3277e-01, -1.0535e+00, -1.3118e+00,  ..., -1.4726e+00,
           -1.1527e+00, -6.1764e-01],
          ...,
          [-3.3308e-01, -4.4074e-01, -5.6161e-01,  ..., -6.5657e-01,
           -6.5686e-01, -4.8732e-01],
          [-2.3292e-01, -2.5598e-01, -3.2509e-01,  ..., -4.8136e-01,
           -5.3567e-01, -4.2577e-01],
          [-5.0195e-02, -1.2977e-01, -1.5072e-01,  ..., -2.6812e-01,
           -3.0149e-01, -2.8381e-01]],

         [[-5.5496e-02,  5.0862e-01,  9.1517e-02,  ...,  4.2452e-01,
            1.0012e+00,  2.4166e-02],
          [-1.1972e-01,  1.5134e+00,  2.4871e+00,  ...,  2.1901e+00,
            3.2488e+00,  1.3169e+00],
          [-7.6196e-02,  1.5998e+00,  2.5039e+00,  ...,  2.0196e+00,
            2.0069e+00,  5.4613e-01],
          ...,
          [ 1.3425e+00,  3.5657e+00,  4.1425e+00,  ...,  1.1393e+00,
            1.3468e+00,  2.2838e-02],
          [ 2.3121e+00,  3.7950e+00,  4.3279e+00,  ...,  2.8236e+00,
            2.2256e+00,  8.8562e-01],
          [ 1.0920e+00,  9.9936e-01,  1.0024e+00,  ...,  9.2013e-01,
            9.5069e-01,  8.9024e-01]]]], grad_fn=<IndexPutBackward0>)