tensor([[[[-2.1683e+00, -2.6824e+00, -2.7904e+00,  ..., -2.8693e+00,
           -2.6681e+00, -1.3024e+00],
          [-1.5258e+00, -1.7369e+00, -1.6262e+00,  ..., -1.2161e+00,
           -1.6110e+00, -7.6617e-01],
          [-1.1996e+00, -1.3570e+00, -9.9523e-01,  ..., -9.2628e-01,
           -1.5994e+00, -8.9653e-01],
          ...,
          [-3.2107e-01, -1.3529e-01, -1.0525e-01,  ..., -1.2721e-01,
           -7.3456e-01, -3.9430e-03],
          [-2.1560e-01, -1.4742e-01, -3.2092e-01,  ..., -3.7233e-01,
           -7.8587e-01, -9.3376e-02],
          [-1.1160e+00, -1.4419e+00, -1.1732e+00,  ..., -1.2430e+00,
           -1.3974e+00, -7.0885e-01]],

         [[ 1.1686e+00, -2.5292e-01, -4.8905e-01,  ..., -8.0387e-01,
           -5.0945e-01, -3.2365e-01],
          [-2.7802e-02, -9.1361e-01, -1.4693e+00,  ..., -1.9416e+00,
           -1.7249e+00, -1.1540e+00],
          [-3.9571e-01, -1.3267e+00, -1.7368e+00,  ..., -2.4809e+00,
           -2.3829e+00, -1.4920e+00],
          ...,
          [-6.8189e-01, -2.0171e+00, -2.6390e+00,  ..., -3.0812e+00,
           -2.9874e+00, -1.9910e+00],
          [-8.4822e-01, -2.3042e+00, -2.9526e+00,  ..., -3.3898e+00,
           -3.4320e+00, -2.3392e+00],
          [-2.9871e-01, -1.1752e+00, -1.7688e+00,  ..., -1.9217e+00,
           -2.0820e+00, -1.4217e+00]],

         [[-2.6761e+00, -3.9107e+00, -3.6056e+00,  ..., -3.3870e+00,
           -2.3996e+00, -1.5680e+00],
          [-4.1834e+00, -5.2781e+00, -4.3936e+00,  ..., -4.7002e+00,
           -3.2968e+00, -1.8761e+00],
          [-4.0361e+00, -5.2118e+00, -4.2335e+00,  ..., -4.6927e+00,
           -3.1663e+00, -1.9300e+00],
          ...,
          [-4.7774e+00, -6.2289e+00, -4.9436e+00,  ..., -5.0080e+00,
           -3.6855e+00, -2.2780e+00],
          [-5.2721e+00, -6.1701e+00, -4.5637e+00,  ..., -4.5156e+00,
           -3.5985e+00, -2.1441e+00],
          [-3.7769e+00, -4.2276e+00, -3.0527e+00,  ..., -3.1772e+00,
           -2.8378e+00, -1.7070e+00]],

         ...,

         [[-1.1271e+00, -1.0928e+00, -6.0388e-01,  ..., -6.9198e-01,
           -1.0713e+00, -6.8466e-01],
          [-1.4026e+00, -1.4028e+00, -9.8325e-01,  ..., -1.0939e+00,
           -1.6049e+00, -1.1856e+00],
          [-1.1867e+00, -9.2740e-01, -3.9955e-01,  ..., -7.3446e-01,
           -1.3213e+00, -9.3572e-01],
          ...,
          [-5.7097e-01, -3.8549e-01,  1.6138e+00,  ..., -2.4844e-01,
           -7.4378e-01, -6.2109e-01],
          [-8.5839e-01, -8.4703e-01, -4.2333e-01,  ..., -1.1564e+00,
           -1.4852e+00, -1.0670e+00],
          [-5.3017e-01, -4.0530e-01, -1.2048e-01,  ..., -7.2948e-01,
           -9.7006e-01, -6.2474e-01]],

         [[-6.2125e-01, -9.0657e-01, -4.0566e-01,  ..., -1.1458e+00,
           -7.5325e-01, -5.0112e-01],
          [-1.1117e+00, -2.2044e+00, -1.3359e+00,  ..., -1.9451e+00,
           -1.8675e+00, -1.1391e+00],
          [-1.0306e+00, -1.7448e+00, -6.9790e-01,  ..., -1.2757e+00,
           -1.5035e+00, -8.6177e-01],
          ...,
          [-1.3871e+00, -1.9720e+00, -1.0377e+00,  ..., -1.8331e+00,
           -2.2500e+00, -1.3997e+00],
          [-1.8572e+00, -2.6645e+00, -1.8058e+00,  ..., -2.3533e+00,
           -2.7754e+00, -1.7209e+00],
          [-1.1696e+00, -1.5996e+00, -1.1720e+00,  ..., -1.9591e+00,
           -2.3453e+00, -1.3969e+00]],

         [[-2.7010e-01, -1.7783e+00, -1.7674e+00,  ..., -8.9306e-01,
           -1.1871e+00, -1.3261e+00],
          [-1.4973e+00, -4.0771e+00, -3.7785e+00,  ..., -2.3985e+00,
           -2.6594e+00, -2.7078e+00],
          [-1.9464e+00, -4.0823e+00, -3.4851e+00,  ..., -2.1397e+00,
           -2.3555e+00, -2.3282e+00],
          ...,
          [-1.5520e+00, -3.4516e+00, -2.6653e+00,  ..., -1.4022e+00,
           -1.5789e+00, -1.9751e+00],
          [-1.3528e+00, -3.2561e+00, -2.4907e+00,  ..., -1.2306e+00,
           -1.4323e+00, -2.0674e+00],
          [-1.4011e+00, -2.8688e+00, -2.4157e+00,  ..., -1.4488e+00,
           -1.4865e+00, -1.7946e+00]]]], grad_fn=<IndexPutBackward0>)