(tensor([[[[-0.4921, -0.6981, -0.6981,  ..., -0.6965, -0.2848,  0.0000],
          [-0.4921, -0.6981, -0.6981,  ..., -0.6965, -0.3087,  0.0000],
          [-0.6435, -0.7769, -0.7769,  ..., -0.8753, -0.4573,  0.0000],
          ...,
          [-0.6903, -0.9169, -0.9076,  ..., -0.8716, -0.4720,  0.0000],
          [-0.6291, -1.0154, -0.9455,  ..., -0.7537, -0.3556,  0.0000],
          [ 0.0000,  0.0000,  0.0000,  ...,  0.0000,  0.0000,  0.0000]],

         [[-0.3985, -0.2752, -0.2587,  ..., -0.2776, -0.2776,  0.0000],
          [ 0.3009,  0.3009, -0.0441,  ..., -0.0769, -0.0769,  0.0000],
          [ 0.3009,  0.3009, -0.0441,  ..., -0.0202, -0.0525,  0.0000],
          ...,
          [-0.1580, -0.1427, -0.0845,  ..., -0.0160, -0.0572,  0.0000],
          [-0.1249, -0.1249, -0.2030,  ..., -0.0838, -0.0838,  0.0000],
          [ 0.0000,  0.0000,  0.0000,  ...,  0.0000,  0.0000,  0.0000]],

         [[-0.2590, -0.5410, -0.5410,  ..., -0.6176, -0.3254,  0.0000],
          [-0.1691, -0.5172, -0.5172,  ..., -0.5297, -0.2447,  0.0000],
          [-0.1408, -0.5172, -0.5106,  ..., -0.4543, -0.2085,  0.0000],
          ...,
          [-0.0792, -0.4651, -0.4651,  ..., -0.4705, -0.1885,  0.0000],
          [ 2.8075,  1.3061,  1.3061,  ...,  1.6261,  1.9167,  1.9167],
          [ 2.8075,  1.3061,  1.3061,  ...,  1.6261,  1.9167,  1.9167]],

         ...,

         [[-0.5706, -0.4209, -0.4209,  ..., -0.4329, -0.2592,  0.0000],
          [-0.7301, -0.5256, -0.4515,  ..., -0.5139, -0.4826,  0.0000],
          [-0.6902, -0.4967, -0.4515,  ..., -0.5139, -0.4540,  0.0000],
          ...,
          [-0.7990, -0.5916, -0.5916,  ..., -0.5846, -0.4331,  0.0000],
          [-1.2126, -0.9703, -0.9703,  ..., -0.9842, -0.6313,  0.0000],
          [ 0.0000,  0.0000,  0.0000,  ...,  0.0000,  0.0000,  0.0000]],

         [[ 0.1393,  0.1393, -0.1452,  ..., -0.1677, -0.1610,  0.0000],
          [ 0.1393,  0.1393, -0.1452,  ..., -0.1677, -0.1610,  0.0000],
          [ 1.0466,  1.0466, -0.2743,  ..., -0.2846, -0.1705,  0.0000],
          ...,
          [-0.0164, -0.0164, -0.2999,  ..., -0.3091, -0.1801,  0.0000],
          [ 0.2874,  0.2874, -0.2400,  ..., -0.2609, -0.1348,  0.0000],
          [ 0.2874,  0.2874,  0.0000,  ...,  0.0000,  0.0000,  0.0000]],

         [[-0.4918, -0.6709, -0.6709,  ..., -0.6336, -0.4724,  0.0000],
          [-0.4866, -0.6618, -0.6893,  ..., -0.6170, -0.3703,  0.0000],
          [-0.4866, -0.6618, -0.6885,  ..., -0.6029, -0.3687,  0.0000],
          ...,
          [-0.1761, -0.2192, -0.2487,  ..., -0.1622, -0.0180,  0.0000],
          [-0.1761, -0.2192, -0.2487,  ..., -0.1622, -0.0180,  0.0000],
          [ 0.0000,  0.0000,  0.0000,  ...,  0.0000,  0.0000,  0.0000]]]],
       grad_fn=<MaxPool2DWithIndicesBackward0>), (tensor([[[[-0.8052, -0.9383, -0.8202,  ..., -0.7960, -0.2848,  0.0000],
          [-0.4921, -0.8896, -0.6981,  ..., -0.7192, -0.3087,  0.0000],
          [-0.6435, -0.8608, -0.7769,  ..., -0.9728, -0.4573,  0.0000],
          ...,
          [-0.6903, -1.2890, -1.0972,  ..., -1.0933, -0.4878,  0.0000],
          [-0.6291, -1.0154, -1.0338,  ..., -0.8761, -0.3556,  0.0000],
          [ 0.0000,  0.0000,  0.0000,  ...,  0.0000,  0.0000,  0.0000]],

         [[-0.6388, -0.4389, -0.3055,  ..., -0.3512, -0.6602,  0.0000],
          [-0.6303, -0.3985, -0.2752,  ..., -0.2776, -0.6321,  0.0000],
          [-0.4098,  0.3009, -0.0660,  ..., -0.0769, -0.4872,  0.0000],
          ...,
          [-0.4047, -0.1924, -0.2280,  ..., -0.1796, -0.5636,  0.0000],
          [-0.2345, -0.1249, -0.2030,  ..., -0.0838, -0.3404,  0.0000],
          [ 0.0000,  0.0000,  0.0000,  ...,  0.0000,  0.0000,  0.0000]],

         [[-0.3403, -0.7682, -0.5410,  ..., -0.6308, -0.3563,  0.0000],
          [-0.2590, -0.8522, -0.6030,  ..., -0.6500, -0.3254,  0.0000],
          [-0.1691, -0.7650, -0.5172,  ..., -0.5992, -0.2447,  0.0000],
          ...,
          [-0.0792, -0.6959, -0.4882,  ..., -0.5464, -0.1966,  0.0000],
          [ 2.8075,  0.7033,  1.3061,  ...,  0.9960,  1.9167,  0.0000],
          [ 0.0000,  0.0000,  0.0000,  ...,  0.0000,  0.0000,  0.0000]],

         ...,

         [[-1.0642, -0.5706, -0.4209,  ..., -0.6204, -0.2592,  0.0000],
          [-1.3942, -0.9760, -0.7567,  ..., -1.2354, -0.4826,  0.0000],
          [-1.2829, -0.7301, -0.5256,  ..., -1.1777, -0.4989,  0.0000],
          ...,
          [-1.5705, -1.2126, -0.9703,  ..., -1.5731, -0.6607,  0.0000],
          [-1.5731, -1.2463, -1.1152,  ..., -1.4529, -0.6313,  0.0000],
          [ 0.0000,  0.0000,  0.0000,  ...,  0.0000,  0.0000,  0.0000]],

         [[-0.4257, -0.5230, -0.6422,  ..., -0.4957, -0.4813,  0.0000],
          [-0.1913,  0.1393, -0.1452,  ..., -0.1677, -0.1610,  0.0000],
          [-0.2888, -0.0684, -0.3240,  ..., -0.3214, -0.1808,  0.0000],
          ...,
          [-0.2776, -0.1434, -0.5338,  ..., -0.4716, -0.3182,  0.0000],
          [-0.1689,  0.2874, -0.2400,  ..., -0.2609, -0.1348,  0.0000],
          [ 0.0000,  0.0000,  0.0000,  ...,  0.0000,  0.0000,  0.0000]],

         [[-0.4918, -0.6993, -0.6709,  ..., -0.6336, -0.4724,  0.0000],
          [-0.5372, -0.8311, -0.8474,  ..., -0.8726, -0.5300,  0.0000],
          [-0.4866, -0.6618, -0.7459,  ..., -0.6170, -0.3703,  0.0000],
          ...,
          [-0.1761, -0.2192, -0.2487,  ..., -0.1622, -0.0180,  0.0000],
          [-0.4854, -0.3381, -0.3782,  ..., -0.3775, -0.1720,  0.0000],
          [ 0.0000,  0.0000,  0.0000,  ...,  0.0000,  0.0000,  0.0000]]]],
       grad_fn=<ConstantPadNdBackward0>), {'pool_height': 2, 'pool_width': 2, 'stride': 1}, tensor([[[[-0.8052, -0.9383, -0.8202,  ..., -0.7960, -0.2848,  0.0000],
          [-0.4921, -0.8896, -0.6981,  ..., -0.7192, -0.3087,  0.0000],
          [-0.6435, -0.8608, -0.7769,  ..., -0.9728, -0.4573,  0.0000],
          ...,
          [-0.6903, -1.2890, -1.0972,  ..., -1.0933, -0.4878,  0.0000],
          [-0.6291, -1.0154, -1.0338,  ..., -0.8761, -0.3556,  0.0000],
          [ 0.0000,  0.0000,  0.0000,  ...,  0.0000,  0.0000,  0.0000]],

         [[-0.6388, -0.4389, -0.3055,  ..., -0.3512, -0.6602,  0.0000],
          [-0.6303, -0.3985, -0.2752,  ..., -0.2776, -0.6321,  0.0000],
          [-0.4098,  0.3009, -0.0660,  ..., -0.0769, -0.4872,  0.0000],
          ...,
          [-0.4047, -0.1924, -0.2280,  ..., -0.1796, -0.5636,  0.0000],
          [-0.2345, -0.1249, -0.2030,  ..., -0.0838, -0.3404,  0.0000],
          [ 0.0000,  0.0000,  0.0000,  ...,  0.0000,  0.0000,  0.0000]],

         [[-0.3403, -0.7682, -0.5410,  ..., -0.6308, -0.3563,  0.0000],
          [-0.2590, -0.8522, -0.6030,  ..., -0.6500, -0.3254,  0.0000],
          [-0.1691, -0.7650, -0.5172,  ..., -0.5992, -0.2447,  0.0000],
          ...,
          [-0.0792, -0.6959, -0.4882,  ..., -0.5464, -0.1966,  0.0000],
          [ 2.8075,  0.7033,  1.3061,  ...,  0.9960,  1.9167,  0.0000],
          [ 0.0000,  0.0000,  0.0000,  ...,  0.0000,  0.0000,  0.0000]],

         ...,

         [[-1.0642, -0.5706, -0.4209,  ..., -0.6204, -0.2592,  0.0000],
          [-1.3942, -0.9760, -0.7567,  ..., -1.2354, -0.4826,  0.0000],
          [-1.2829, -0.7301, -0.5256,  ..., -1.1777, -0.4989,  0.0000],
          ...,
          [-1.5705, -1.2126, -0.9703,  ..., -1.5731, -0.6607,  0.0000],
          [-1.5731, -1.2463, -1.1152,  ..., -1.4529, -0.6313,  0.0000],
          [ 0.0000,  0.0000,  0.0000,  ...,  0.0000,  0.0000,  0.0000]],

         [[-0.4257, -0.5230, -0.6422,  ..., -0.4957, -0.4813,  0.0000],
          [-0.1913,  0.1393, -0.1452,  ..., -0.1677, -0.1610,  0.0000],
          [-0.2888, -0.0684, -0.3240,  ..., -0.3214, -0.1808,  0.0000],
          ...,
          [-0.2776, -0.1434, -0.5338,  ..., -0.4716, -0.3182,  0.0000],
          [-0.1689,  0.2874, -0.2400,  ..., -0.2609, -0.1348,  0.0000],
          [ 0.0000,  0.0000,  0.0000,  ...,  0.0000,  0.0000,  0.0000]],

         [[-0.4918, -0.6993, -0.6709,  ..., -0.6336, -0.4724,  0.0000],
          [-0.5372, -0.8311, -0.8474,  ..., -0.8726, -0.5300,  0.0000],
          [-0.4866, -0.6618, -0.7459,  ..., -0.6170, -0.3703,  0.0000],
          ...,
          [-0.1761, -0.2192, -0.2487,  ..., -0.1622, -0.0180,  0.0000],
          [-0.4854, -0.3381, -0.3782,  ..., -0.3775, -0.1720,  0.0000],
          [ 0.0000,  0.0000,  0.0000,  ...,  0.0000,  0.0000,  0.0000]]]],
       requires_grad=True), tensor([[[[-0.4921, -0.6981, -0.6981,  ..., -0.6965, -0.2848,  0.0000],
          [-0.4921, -0.6981, -0.6981,  ..., -0.6965, -0.3087,  0.0000],
          [-0.6435, -0.7769, -0.7769,  ..., -0.8753, -0.4573,  0.0000],
          ...,
          [-0.6903, -0.9169, -0.9076,  ..., -0.8716, -0.4720,  0.0000],
          [-0.6291, -1.0154, -0.9455,  ..., -0.7537, -0.3556,  0.0000],
          [ 0.0000,  0.0000,  0.0000,  ...,  0.0000,  0.0000,  0.0000]],

         [[-0.3985, -0.2752, -0.2587,  ..., -0.2776, -0.2776,  0.0000],
          [ 0.3009,  0.3009, -0.0441,  ..., -0.0769, -0.0769,  0.0000],
          [ 0.3009,  0.3009, -0.0441,  ..., -0.0202, -0.0525,  0.0000],
          ...,
          [-0.1580, -0.1427, -0.0845,  ..., -0.0160, -0.0572,  0.0000],
          [-0.1249, -0.1249, -0.2030,  ..., -0.0838, -0.0838,  0.0000],
          [ 0.0000,  0.0000,  0.0000,  ...,  0.0000,  0.0000,  0.0000]],

         [[-0.2590, -0.5410, -0.5410,  ..., -0.6176, -0.3254,  0.0000],
          [-0.1691, -0.5172, -0.5172,  ..., -0.5297, -0.2447,  0.0000],
          [-0.1408, -0.5172, -0.5106,  ..., -0.4543, -0.2085,  0.0000],
          ...,
          [-0.0792, -0.4651, -0.4651,  ..., -0.4705, -0.1885,  0.0000],
          [ 2.8075,  1.3061,  1.3061,  ...,  1.6261,  1.9167,  1.9167],
          [ 2.8075,  1.3061,  1.3061,  ...,  1.6261,  1.9167,  1.9167]],

         ...,

         [[-0.5706, -0.4209, -0.4209,  ..., -0.4329, -0.2592,  0.0000],
          [-0.7301, -0.5256, -0.4515,  ..., -0.5139, -0.4826,  0.0000],
          [-0.6902, -0.4967, -0.4515,  ..., -0.5139, -0.4540,  0.0000],
          ...,
          [-0.7990, -0.5916, -0.5916,  ..., -0.5846, -0.4331,  0.0000],
          [-1.2126, -0.9703, -0.9703,  ..., -0.9842, -0.6313,  0.0000],
          [ 0.0000,  0.0000,  0.0000,  ...,  0.0000,  0.0000,  0.0000]],

         [[ 0.1393,  0.1393, -0.1452,  ..., -0.1677, -0.1610,  0.0000],
          [ 0.1393,  0.1393, -0.1452,  ..., -0.1677, -0.1610,  0.0000],
          [ 1.0466,  1.0466, -0.2743,  ..., -0.2846, -0.1705,  0.0000],
          ...,
          [-0.0164, -0.0164, -0.2999,  ..., -0.3091, -0.1801,  0.0000],
          [ 0.2874,  0.2874, -0.2400,  ..., -0.2609, -0.1348,  0.0000],
          [ 0.2874,  0.2874,  0.0000,  ...,  0.0000,  0.0000,  0.0000]],

         [[-0.4918, -0.6709, -0.6709,  ..., -0.6336, -0.4724,  0.0000],
          [-0.4866, -0.6618, -0.6893,  ..., -0.6170, -0.3703,  0.0000],
          [-0.4866, -0.6618, -0.6885,  ..., -0.6029, -0.3687,  0.0000],
          ...,
          [-0.1761, -0.2192, -0.2487,  ..., -0.1622, -0.0180,  0.0000],
          [-0.1761, -0.2192, -0.2487,  ..., -0.1622, -0.0180,  0.0000],
          [ 0.0000,  0.0000,  0.0000,  ...,  0.0000,  0.0000,  0.0000]]]],
       grad_fn=<MaxPool2DWithIndicesBackward0>), MaxPool2d(kernel_size=(2, 2), stride=1, padding=0, dilation=1, ceil_mode=False)))