tensor([1.4147, 1.5421, 2.4006, 1.2082, 1.3501, 1.4622, 1.3199, 1.2802, 1.5267,
        1.7733, 2.4396, 1.5689, 3.7674, 1.7379, 1.4563, 0.9991, 1.1407, 1.7768,
        1.9125, 1.4261, 1.4917, 2.0590, 1.4970, 2.3946, 1.5492, 1.3768, 1.5265,
        2.5559, 1.3195, 1.6649, 1.3878, 3.3525, 1.5728, 1.5336, 1.2616, 1.4908,
        1.3914, 1.4781, 2.7330, 1.3270, 1.7057, 1.4982, 1.6750, 1.5567, 1.5378,
        1.3584, 1.7409, 1.2329, 1.5873, 1.7719, 1.3058, 2.1228, 2.0917, 0.9548,
        4.3221, 2.3731, 1.6877, 2.4835, 1.7959, 1.2681, 1.9029, 2.2778, 3.0639,
        1.3852, 1.8034, 2.0967, 2.0067, 1.4391, 2.2771, 1.7932, 0.9960, 1.4280,
        1.8660, 1.4013, 1.2691, 1.0872, 2.5483, 1.6899, 1.9492, 1.6167, 3.3524,
        2.2204, 1.2085, 1.9658, 1.1694, 1.6446, 1.0122, 2.2331, 1.4539, 1.3008,
        2.1674, 1.4539, 2.3616, 1.8924, 3.0103, 1.4653, 2.3667, 1.2030, 3.0993,
        1.4998, 1.5803, 1.0153, 0.8794, 2.1967, 1.4844, 2.0334, 1.4773, 1.2382,
        1.4495, 3.5189, 0.8907, 2.1519, 1.6936, 1.1422, 3.9181, 1.6940, 1.8412,
        2.3333, 2.0293, 2.4214, 1.7331, 1.5840, 1.3753, 1.8620, 1.9153, 1.7690,
        1.8034, 2.4037, 1.5848, 1.5550, 1.5955, 1.8390, 1.3697, 1.3486, 1.8473,
        1.7828, 1.5366, 1.4760, 1.2355, 1.5062, 2.1309, 1.1675, 1.7377, 1.7365,
        1.0622, 2.1395, 1.2817, 1.5358, 2.0793, 3.9487, 1.4430, 1.2879, 1.3321,
        1.7426, 2.4382, 1.4840, 1.0194, 1.5625, 1.1740, 2.0326, 1.3894, 1.7164,
        1.4047, 1.1061, 1.1403, 1.5140, 1.3110, 1.4362, 1.9079, 1.8031, 2.0267,
        1.7734, 1.4562, 2.3040, 1.7898, 2.5154, 1.3342, 1.3829, 1.9498, 1.6594,
        1.8249, 0.8329, 0.9837, 1.6773, 1.8913, 1.8411, 1.8503, 1.6896, 1.4066,
        1.9235, 1.4317, 1.2612, 2.6240, 2.6785, 1.5227, 0.9530, 1.9973, 1.3948,
        1.3441, 1.1975, 1.3727, 1.8697, 1.1289, 2.2628, 1.2283, 1.9607, 1.5308,
        2.1675, 2.6026, 1.1973, 1.3212, 1.1842, 2.4497, 1.4102, 2.4953, 0.9268,
        2.8696, 1.2510, 1.2733, 4.2330, 1.7661, 1.7994, 0.8900, 1.4518, 1.7811,
        2.0418, 2.0859, 1.5805, 1.7551, 2.1809, 2.0686, 1.8066, 1.5847, 1.2581,
        2.3905, 1.7935, 2.0762, 1.8616, 2.3013, 1.4476, 2.0471, 1.4735, 1.9310,
        1.9192, 1.6143, 2.2293, 1.8610, 1.1788, 3.4951, 1.9566, 1.0019, 1.6877,
        2.0015, 1.6099, 1.2872, 2.0412])