tensor([[[[-0.2195,  5.5096,  4.1186,  ...,  2.6769,  3.4897,  0.4411],
          [-0.1851,  4.8616,  2.1311,  ...,  4.3881,  3.8535,  0.2066],
          [-0.1563,  5.0013,  1.6884,  ...,  4.2712,  2.7572,  2.7171],
          ...,
          [-0.3292,  2.4505,  2.1122,  ...,  2.6853,  3.5577,  1.6096],
          [-0.1431,  2.6295,  4.1529,  ...,  3.3189,  1.7093,  0.9623],
          [ 0.0981,  3.7518,  2.2048,  ...,  6.0080,  2.4012, -0.0593]],

         [[ 1.1150, -0.2110, -0.2354,  ..., -0.0687, -0.1976, -0.2711],
          [-0.0887, -0.2462, -0.4013,  ..., -0.4974, -0.2973, -0.0672],
          [-0.2518,  0.9338, -0.1121,  ..., -0.3562, -0.3187, -0.1236],
          ...,
          [-0.1687, -0.4331, -0.5647,  ..., -0.0191, -0.2647, -0.0522],
          [-0.1724, -0.2782, -0.5388,  ..., -0.2731, -0.3577, -0.2052],
          [ 0.4523, -0.1957, -0.5513,  ..., -0.5843, -0.2072, -0.1745]],

         [[-0.8332, -1.0539, -0.8723,  ..., -0.2830, -0.8114, -1.1694],
          [-0.6325, -0.7424, -0.2938,  ..., -0.4502, -0.4692, -0.7380],
          [-0.6015, -0.1841, -0.5048,  ..., -0.3893, -0.4085, -0.6201],
          ...,
          [-0.5292, -0.5072, -0.3917,  ..., -0.6354, -0.3753, -1.0519],
          [-0.4134, -0.5507, -0.2277,  ..., -0.3815, -0.4085, -1.2007],
          [-0.1622, -0.1640,  0.9214,  ...,  0.8986,  0.2322, -0.4248]],

         ...,

         [[-0.3893, -0.8750, -0.4847,  ..., -0.3152, -0.3801, -0.6733],
          [ 0.1160,  4.6190, -0.0662,  ..., -0.5476, -0.2277, -0.2451],
          [ 1.2050, -0.0341, -0.2793,  ...,  4.5610, -0.1541,  3.2639],
          ...,
          [ 6.2399,  2.4159,  3.5233,  ...,  1.8467, -0.3591, -0.2518],
          [-0.0199, -0.1936, -0.1346,  ..., -0.0257, -0.0887,  2.1810],
          [ 5.0420,  8.3159,  5.6485,  ...,  6.4067, 10.0396, 11.9161]],

         [[-1.3092, -1.4498, -1.2086,  ..., -0.9994, -0.7296, -1.0786],
          [-1.7014, -1.1000, -1.7296,  ..., -1.8217, -1.7086, -1.5780],
          [-0.9425, -1.2916, -1.4852,  ..., -1.5190, -1.2940, -0.9740],
          ...,
          [-1.3337, -1.4870, -1.7511,  ..., -1.4853, -1.6949, -1.3496],
          [-1.5954, -1.2375, -1.8392,  ..., -1.5707, -1.7150, -1.3364],
          [-0.9341, -1.7975, -1.4189,  ..., -1.5151, -1.6582, -0.8664]],

         [[13.7912,  4.3188,  2.3984,  ...,  3.1806,  4.3847, 11.7224],
          [10.0175,  3.4715,  3.8977,  ...,  1.2528,  4.6408,  6.4519],
          [12.3139,  2.7527,  4.5712,  ...,  1.5218,  4.6687,  9.9866],
          ...,
          [ 9.4480,  3.6378,  1.6268,  ...,  3.4289,  1.6949,  8.8360],
          [ 9.4632,  3.0343,  0.6200,  ...,  1.4657,  5.7404,  7.5416],
          [ 8.1262,  4.1855,  3.8992,  ...,  2.0870,  4.4179,  6.3232]]]],
       grad_fn=<MaxPool2DWithIndicesBackward0>)