tensor([[[[-1.0402, -0.9497, -0.7753,  ..., -0.9467, -0.7822,  0.0829],
          [-0.9817, -0.9315, -1.0973,  ..., -1.0218, -0.8944, -0.0228],
          [-0.4716, -0.9207, -0.9665,  ..., -0.9361, -0.5827, -0.0261],
          ...,
          [-0.8441, -0.9174, -1.1246,  ..., -1.0185, -0.7976, -0.1006],
          [-0.6159, -0.9063, -0.7971,  ..., -0.9522, -0.8947,  0.2537],
          [-0.7696, -0.6667, -0.8889,  ..., -0.7633, -0.9965,  0.0355]],

         [[-0.5185, -1.3836, -0.9837,  ..., -1.4509, -1.4307, -1.0401],
          [-0.6378, -1.7593, -1.9470,  ..., -1.7032, -1.6285, -1.5600],
          [-0.6275, -1.7907, -1.8444,  ..., -1.7106, -1.9337, -1.4172],
          ...,
          [-0.5114, -1.8542, -1.5432,  ..., -1.5163, -1.5954, -1.6899],
          [-0.8386, -1.6200, -1.7317,  ..., -1.8523, -1.7967, -1.6054],
          [-0.6081, -1.2800, -1.0780,  ..., -1.2145, -1.2487, -1.0866]],

         [[-1.0927, -0.9187, -0.3737,  ..., -0.9601, -0.9086, -0.7216],
          [-0.3739, -0.3022, -0.3104,  ..., -0.1384, -0.1465, -0.6526],
          [-0.3558, -0.1848, -0.2708,  ..., -0.2184, -0.0956, -0.7569],
          ...,
          [-0.1848, -0.3527, -0.2261,  ..., -0.2913, -0.2378, -0.4843],
          [-0.4321, -0.3508, -0.1869,  ..., -0.0995, -0.3550, -0.5338],
          [-0.7094, -0.5433, -0.6193,  ..., -0.7414, -0.8545, -0.7407]],

         ...,

         [[ 1.5056,  1.5703, -0.0172,  ..., -0.0068,  0.9721,  1.4598],
          [ 0.4010, -0.1348, -0.1202,  ..., -0.1033, -0.0934,  0.8583],
          [ 2.0890, -0.1064, -0.0621,  ..., -0.1089, -0.2068,  1.3626],
          ...,
          [ 0.2518, -0.0861, -0.1168,  ..., -0.0096,  0.0800,  1.1049],
          [ 0.1662, -0.1024, -0.0895,  ..., -0.1210, -0.0922,  1.5588],
          [-0.1266, -0.0818, -0.0046,  ..., -0.1216, -0.1711, -0.0397]],

         [[-0.5305, -0.6708, -0.5205,  ..., -0.4916, -0.5028, -0.1960],
          [-1.2938, -1.3628, -1.3092,  ..., -1.1876, -1.2549, -0.6316],
          [-1.1382, -1.3088, -1.2428,  ..., -1.2345, -1.2662, -0.6593],
          ...,
          [-1.2064, -1.3075, -1.3561,  ..., -1.2341, -1.2875, -0.6534],
          [-1.2622, -1.3305, -1.1289,  ..., -1.3019, -1.1952, -0.6675],
          [-0.9761, -0.9235, -0.7403,  ..., -0.8927, -1.0223, -0.5586]],

         [[-0.4509, -0.6570, -0.6300,  ..., -0.7155, -0.8921, -0.8101],
          [-0.3749, -0.7557, -0.7958,  ..., -0.8071, -0.6531, -1.0017],
          [-0.2677, -0.7090, -0.7152,  ..., -0.6415, -0.7042, -0.7306],
          ...,
          [-0.3254, -0.6751, -0.6988,  ..., -0.7645, -0.7239, -0.6551],
          [-0.2709, -0.6922, -0.7696,  ..., -0.7068, -0.6508, -0.8651],
          [-0.4112, -0.4630, -0.4494,  ..., -0.4462, -0.4804, -0.1605]]]],
       grad_fn=<MaxPool2DWithIndicesBackward0>)