tensor([[[[-0.8052, -0.9383, -0.8202,  ..., -0.8083, -0.7960, -0.2848],
          [-0.4921, -0.8896, -0.6981,  ..., -0.6965, -0.7192, -0.3087],
          [-0.6435, -0.8608, -0.7769,  ..., -0.8753, -0.9728, -0.4573],
          ...,
          [-0.7062, -1.0927, -0.9169,  ..., -0.8716, -1.0330, -0.4720],
          [-0.6903, -1.2890, -1.0972,  ..., -1.0874, -1.0933, -0.4878],
          [-0.6291, -1.0154, -1.0338,  ..., -0.7537, -0.8761, -0.3556]],

         [[-0.6388, -0.4389, -0.3055,  ..., -0.3293, -0.3512, -0.6602],
          [-0.6303, -0.3985, -0.2752,  ..., -0.3297, -0.2776, -0.6321],
          [-0.4098,  0.3009, -0.0660,  ..., -0.0829, -0.0769, -0.4872],
          ...,
          [-0.4455, -0.1580, -0.1427,  ..., -0.0160, -0.0572, -0.5030],
          [-0.4047, -0.1924, -0.2280,  ..., -0.1695, -0.1796, -0.5636],
          [-0.2345, -0.1249, -0.2030,  ..., -0.1750, -0.0838, -0.3404]],

         [[-0.3403, -0.7682, -0.5410,  ..., -0.6176, -0.6308, -0.3563],
          [-0.2590, -0.8522, -0.6030,  ..., -0.6323, -0.6500, -0.3254],
          [-0.1691, -0.7650, -0.5172,  ..., -0.5297, -0.5992, -0.2447],
          ...,
          [-0.1105, -0.7015, -0.4651,  ..., -0.5156, -0.5871, -0.1885],
          [-0.0792, -0.6959, -0.4882,  ..., -0.4705, -0.5464, -0.1966],
          [ 2.8075,  0.7033,  1.3061,  ...,  1.6261,  0.9960,  1.9167]],

         ...,

         [[-1.0642, -0.5706, -0.4209,  ..., -0.4329, -0.6204, -0.2592],
          [-1.3942, -0.9760, -0.7567,  ..., -0.8055, -1.2354, -0.4826],
          [-1.2829, -0.7301, -0.5256,  ..., -0.5139, -1.1777, -0.4989],
          ...,
          [-1.3982, -0.7990, -0.5916,  ..., -0.5846, -1.1930, -0.4331],
          [-1.5705, -1.2126, -0.9703,  ..., -0.9842, -1.5731, -0.6607],
          [-1.5731, -1.2463, -1.1152,  ..., -1.0133, -1.4529, -0.6313]],

         [[-0.4257, -0.5230, -0.6422,  ..., -0.6260, -0.4957, -0.4813],
          [-0.1913,  0.1393, -0.1452,  ..., -0.2695, -0.1677, -0.1610],
          [-0.2888, -0.0684, -0.3240,  ..., -0.3119, -0.3214, -0.1808],
          ...,
          [-0.1769, -0.0164, -0.3347,  ..., -0.3091, -0.3135, -0.1801],
          [-0.2776, -0.1434, -0.5338,  ..., -0.4661, -0.4716, -0.3182],
          [-0.1689,  0.2874, -0.2400,  ..., -0.2890, -0.2609, -0.1348]],

         [[-0.4918, -0.6993, -0.6709,  ..., -0.6834, -0.6336, -0.4724],
          [-0.5372, -0.8311, -0.8474,  ..., -0.9016, -0.8726, -0.5300],
          [-0.4866, -0.6618, -0.7459,  ..., -0.7323, -0.6170, -0.3703],
          ...,
          [-0.4863, -0.6326, -0.7795,  ..., -0.6752, -0.5934, -0.3635],
          [-0.1761, -0.2192, -0.2487,  ..., -0.2194, -0.1622, -0.0180],
          [-0.4854, -0.3381, -0.3782,  ..., -0.3776, -0.3775, -0.1720]]]],
       grad_fn=<IndexPutBackward0>)