tensor([2.3968, 2.4914, 2.3240, 2.4117, 1.8673, 2.1471, 2.5243, 3.3593, 2.2433,
        2.8523, 2.2818, 2.2938, 2.5095, 2.8960, 2.3790, 2.5987, 2.2682, 1.6160,
        1.9136, 2.1735, 1.1980, 2.0660, 2.5968, 2.4126, 2.3518, 2.3981, 2.7860,
        3.1165, 1.2637, 1.9263, 2.2132, 1.9680, 2.1258, 1.9124, 2.2607, 1.5328,
        2.5184, 2.0642, 2.3420, 2.9891, 2.1116, 1.7486, 2.4205, 2.0223, 2.6684,
        1.9475, 1.8249, 2.2644, 2.3694, 2.2115, 2.1455, 2.8660, 2.2085, 1.4230,
        1.7126, 1.9920, 2.1496, 1.9760, 2.7227, 1.9922, 2.2584, 3.1258, 3.0206,
        1.6796, 1.3415, 2.3565, 2.0743, 2.3502, 2.1453, 2.3629, 2.5448, 2.1078,
        2.4951, 1.7561, 2.3041, 1.7987, 2.1563, 1.4439, 2.0824, 2.0292, 2.0880,
        3.0631, 1.8180, 1.6006, 2.3442, 2.0490, 3.3965, 2.9232, 1.9110, 2.8454,
        2.4448, 2.1125, 1.9121, 2.4505, 2.3416, 2.0575, 2.1794, 2.5763, 2.2318,
        1.8118, 2.1997, 1.7009, 2.7880, 1.6681, 2.5433, 2.5985, 1.9535, 2.3462,
        2.0737, 2.9502, 1.4855, 2.3997, 2.3261, 2.2223, 1.9942, 1.4319, 1.9144,
        2.4607, 1.8994, 2.1745, 2.1743, 2.2283, 2.5483, 1.9657, 2.4287, 1.9956,
        2.3399, 1.8301])