tensor([-2.2406, -1.5060, -1.0451, -2.1506, -3.0718, -3.5511, -0.8801, -1.7002,
        -1.8143, -2.3180, -1.9037, -2.4493, -1.1573, -2.5459, -2.8291, -0.9543,
        -2.3825, -1.3031, -1.4956, -1.8369, -2.1147, -0.9646, -2.1758, -1.7978,
        -2.4876, -2.4083, -1.3713, -2.4378, -1.1891, -2.6945, -2.1782, -2.7276,
        -3.4727, -2.9932, -2.0540, -3.9214, -2.0206, -2.6183, -2.3920, -2.1267,
        -3.2053, -1.0292, -1.4319, -2.6938, -1.4841, -1.9614, -1.7347, -2.4171,
        -2.4889, -0.6779, -1.7055, -2.5843, -1.2699, -1.5045, -2.6656, -3.8221,
        -1.7463, -2.2896, -0.4086, -1.9474, -0.9669, -2.3751, -2.0062, -1.0689,
        -3.5173, -1.4337, -1.5556, -2.5518, -1.6145, -1.2770, -1.7018, -1.6456,
        -1.7830, -1.1367, -1.6960, -3.8580, -1.8923, -2.3224, -2.1037, -1.1323,
        -1.7619, -2.3757, -2.6656, -2.2828, -0.8393, -2.2323, -3.5992, -1.6124,
        -2.4925, -1.3534, -1.9510, -1.8733, -0.7417, -0.9242, -3.1355, -2.5831,
        -1.5485, -1.6515, -3.2385, -0.8234, -2.6721, -2.7099, -1.9549, -2.1679,
        -1.3988, -1.2422, -1.4213, -1.2251, -2.2575, -2.2607, -0.9567, -1.5096,
        -1.6475, -2.2768, -1.4345, -2.7959, -1.6974, -2.1735, -1.2232, -1.0032,
        -2.0254, -3.2556, -3.4303, -1.0876, -1.4197, -2.7050, -2.9815, -1.0113,
        -0.8612, -2.7405, -1.6522, -1.7602, -1.6966, -1.7970, -2.7128, -1.2989,
        -1.4184, -1.5533, -1.1378, -2.0768, -2.6906, -1.5652, -3.4881, -2.1150,
        -0.4654, -1.1811, -2.2982, -2.7571, -1.8092, -1.8885, -0.8032, -1.7140,
        -2.9463, -3.7345, -2.3515, -1.5544, -3.0432, -3.9156, -2.8049, -1.2872,
        -2.6601, -2.7899, -0.8503, -2.4952, -2.5707, -2.9310, -1.0694, -1.2902,
        -2.7231, -0.9221, -1.2581, -1.2319, -2.0516, -2.3145, -3.6916, -2.1346,
        -1.0797, -2.2116, -0.9004, -2.2731, -2.9052, -2.0903, -0.8222, -2.6252,
        -4.6582, -0.9806, -3.0076, -2.7364, -1.2909, -2.0552, -3.6579, -1.6181,
        -1.7436, -3.3547, -1.8937, -1.6097, -1.0144, -0.6632, -3.6592, -2.3786,
        -2.4206, -1.8709, -3.8480, -1.8314, -2.7639, -1.9520, -1.5318, -1.6206,
        -2.1172, -1.8597, -1.4586, -1.4233, -1.8841, -2.6487, -0.6702, -3.0514,
        -2.2042, -4.3118, -1.4820, -2.0085, -2.3318, -2.4653, -0.6684, -2.8329,
        -0.7282, -1.2276, -2.1111, -1.9826, -3.1044, -2.3492, -2.5252, -3.4369,
        -2.1496, -1.4346, -2.8633, -2.4913, -0.5459, -1.0785, -1.4671, -1.1491,
        -3.6197, -2.4295, -1.9313, -2.8837, -2.0667, -3.0137, -1.4444, -1.4588,
        -1.4568, -1.1547, -1.2893, -1.5304, -1.8118, -2.6883, -1.7221, -4.3404,
        -2.0520, -1.8027, -1.8728, -2.4513, -3.7123, -2.3168, -3.9688, -3.4104,
        -2.7170, -1.5347, -2.2617, -2.8334, -1.1768, -2.5535, -2.7603, -2.3909,
        -2.5146, -2.0737, -1.2878, -2.1802, -1.8780, -1.6074, -1.5802, -2.3453,
        -1.2759, -2.9415, -1.3844, -2.2590, -1.6463, -1.5264, -1.6918, -1.7238,
        -2.6347, -2.4754, -2.3015, -2.6188, -3.5006, -2.6534, -1.7941, -2.2465,
        -1.8768, -1.1839, -2.7417, -1.5446, -1.9713, -1.8065, -1.1777, -1.0404,
        -1.5510, -1.8077, -2.1708, -2.3720, -1.5564, -1.8604, -2.6587, -2.1312,
        -1.0160, -2.0677, -1.5201, -1.7159, -1.4126, -2.0338, -1.7785, -2.6947,
        -1.6739, -2.3493, -1.7333, -2.1452, -2.3118, -1.8445, -1.5424, -1.6054,
        -0.7808, -1.1296, -3.0233, -2.4483, -2.2738, -1.2466, -2.7575, -1.5049,
        -2.0576, -3.5608, -1.7451, -2.2685, -1.3448, -1.3883, -1.7502, -1.2359,
        -1.7595, -0.8533, -1.7744, -4.1240, -0.9141, -1.0656, -2.1637, -2.3898,
        -2.2001, -0.8532, -2.0246, -0.8937, -1.2704, -1.0125, -0.9484, -2.3350,
        -2.6576, -2.8282, -1.1597, -1.8350, -1.5049, -2.6600, -1.6301, -1.0293,
        -1.4840, -1.1628, -2.0433, -1.5282, -1.9566, -3.8504, -2.3702, -2.0155,
        -0.8858, -1.0743, -1.3518, -2.5385, -2.0882, -2.9186, -2.0948, -0.8314,
        -2.2156, -2.6491, -1.2408, -1.5311, -1.5583, -1.7441, -2.8527, -2.2747,
        -1.0419, -2.5773, -1.9185, -1.4534, -1.0182, -1.8701, -2.7503, -1.3868,
        -0.5979, -2.2884, -1.7981, -1.3524, -1.3838, -0.6529, -3.9588, -2.0443,
        -1.6456, -2.1101, -3.5202, -2.5663, -2.0853, -1.8594, -2.3544, -1.5366,
        -2.1227, -1.8250, -4.1056, -1.1771, -4.7840, -1.3494, -1.2717, -1.3131,
        -1.3272, -2.8979, -2.0765, -2.0154, -0.8665, -2.8025, -2.5620, -1.6656,
        -1.8378, -1.0826, -2.0845, -1.1720, -1.7341, -3.5100, -5.4153, -1.7145,
        -1.6757, -1.5604, -2.7352, -3.9431, -1.3425, -4.2749, -1.7846, -1.9862,
        -1.5922, -0.7064,  0.0397, -1.1675, -4.3401, -2.8134, -1.9153, -1.9161,
        -2.9444, -2.2960, -1.9120, -1.3848, -1.4305, -1.3315, -2.2933, -2.3975,
        -1.7145, -2.3486, -1.8819, -0.8588, -2.1717, -4.0887, -2.2860, -1.5002,
        -1.9512, -2.3152, -1.4752, -2.9643, -2.2587, -2.4352, -1.5848, -1.8687,
        -1.0979, -2.2255, -1.9335, -2.6474, -1.3071, -2.0958, -3.0115, -1.1288,
        -2.6469, -2.1808, -3.5651, -1.8454, -2.9215, -2.1688, -0.9662, -2.6661,
        -1.3216, -1.3655, -2.1932, -1.2704, -1.9606, -2.1684, -2.0840, -2.3621,
        -1.9923, -1.9682, -2.2420, -1.0653, -1.8868, -2.2340, -1.3790, -2.4458])