tensor([[[[ 1.0972e-02, -8.3016e-03,  6.5881e-03],
          [ 1.2509e-02, -1.9050e-02, -2.4503e-04],
          [ 1.0370e-02, -5.3174e-03,  6.2201e-03]],

         [[ 7.2580e-03,  6.3272e-03, -3.9718e-03],
          [ 3.9776e-05, -1.3495e-02, -1.4519e-02],
          [-8.9889e-05,  6.5519e-05,  2.3307e-03]],

         [[-4.0052e-03, -5.0907e-03, -7.9211e-03],
          [ 8.3977e-03, -2.9015e-02, -3.5453e-02],
          [ 2.9382e-02, -6.0524e-03,  8.5943e-04]],

         ...,

         [[-7.9579e-04, -8.2985e-03, -5.8880e-03],
          [ 1.0479e-02, -3.8162e-02, -4.3650e-02],
          [ 1.5566e-02, -1.2322e-02, -6.5603e-03]],

         [[-5.9802e-03, -1.4399e-02,  9.0865e-03],
          [ 1.9198e-03, -2.0940e-02, -1.2153e-02],
          [ 1.0347e-02, -1.5467e-02, -1.5650e-02]],

         [[ 3.5209e-03, -2.2232e-03,  6.1066e-03],
          [ 7.3230e-03, -1.5118e-02, -1.2651e-02],
          [-5.3254e-03, -8.0593e-03, -5.1161e-03]]],


        [[[-4.9552e-03,  8.8901e-03, -6.4842e-03],
          [-1.0194e-02,  1.3419e-03,  5.0410e-04],
          [ 1.4830e-02, -1.0606e-02, -3.1909e-02]],

         [[ 5.2259e-03,  1.5178e-02, -4.5778e-03],
          [ 2.0661e-02,  1.5020e-02,  1.5149e-02],
          [ 1.1669e-02,  3.1957e-04,  6.2529e-03]],

         [[-3.5876e-02, -2.8346e-02, -3.3485e-02],
          [-3.3004e-02, -4.4199e-02, -2.2093e-02],
          [ 4.5953e-02,  1.7837e-02,  3.7364e-02]],

         ...,

         [[ 1.7472e-02,  2.0093e-02,  1.2396e-02],
          [-4.5057e-03,  5.9294e-04, -7.6302e-03],
          [-4.7506e-03,  1.2936e-03,  1.2881e-02]],

         [[ 1.9698e-02, -2.9389e-03,  1.2643e-02],
          [ 1.1461e-02, -8.5550e-03,  9.6731e-04],
          [-9.1511e-03, -1.8405e-02,  9.5232e-03]],

         [[-2.0209e-02, -1.6081e-02, -2.5611e-02],
          [-2.0729e-03, -3.5988e-02, -1.9177e-02],
          [ 1.4970e-02,  5.4608e-03,  8.3424e-03]]],


        [[[ 2.2769e-03, -1.5370e-02,  5.0915e-03],
          [-9.9868e-03, -7.6584e-03, -6.5936e-03],
          [ 9.7026e-03, -3.7684e-03, -3.6615e-03]],

         [[-7.1442e-03,  1.2778e-02, -4.3018e-03],
          [-2.4324e-03, -7.0331e-03, -5.1888e-03],
          [-4.9403e-03, -1.5690e-02, -4.5288e-03]],

         [[ 1.0771e-02,  4.6357e-03, -4.3062e-03],
          [ 1.4335e-03,  2.5209e-03, -1.1625e-03],
          [ 1.0396e-03, -1.3478e-03, -1.1898e-02]],

         ...,

         [[ 5.2315e-03,  2.3690e-03,  7.0108e-03],
          [-1.3083e-02, -3.8499e-03, -1.3087e-03],
          [-5.8132e-03, -4.5453e-03, -1.6260e-03]],

         [[-1.0076e-03, -1.5867e-02,  2.9118e-03],
          [-1.7450e-02, -1.9866e-02, -6.5251e-03],
          [-5.8918e-03, -1.8887e-02,  3.4993e-03]],

         [[ 2.1993e-03,  3.1603e-03,  6.7415e-03],
          [-1.0860e-03,  2.0777e-03,  1.1713e-02],
          [-1.2683e-02, -1.1876e-02, -4.4502e-03]]],


        ...,


        [[[-1.6259e-02, -8.8061e-03,  1.4988e-02],
          [-1.6429e-02, -6.9473e-03, -4.8543e-03],
          [-1.8127e-02, -1.1765e-02, -2.2494e-02]],

         [[-1.7499e-02, -7.1844e-03, -8.2331e-03],
          [-1.6228e-02, -3.1819e-02, -3.1036e-02],
          [ 3.9723e-03,  1.2787e-02,  5.3795e-03]],

         [[-7.2481e-03, -1.9631e-02, -2.3010e-02],
          [ 4.3928e-03, -2.0554e-02, -1.9027e-02],
          [ 1.8346e-02, -1.1076e-02, -1.2937e-02]],

         ...,

         [[-3.8778e-03,  8.8565e-03,  7.7986e-03],
          [ 3.9443e-03,  6.7574e-03,  4.8325e-03],
          [-1.3996e-02, -2.2185e-02, -8.3219e-03]],

         [[ 1.0793e-02,  1.4387e-02,  4.4479e-04],
          [ 2.4463e-03,  2.2742e-04, -5.6870e-05],
          [-5.4537e-03, -1.6847e-02, -7.1123e-03]],

         [[ 1.3890e-02,  5.0609e-03,  4.1096e-03],
          [-1.3699e-02,  3.5930e-03, -6.7520e-03],
          [-1.9769e-02, -3.6046e-02, -2.7559e-02]]],


        [[[-1.3741e-02,  1.8560e-02,  1.1076e-02],
          [ 9.7217e-03, -3.8775e-03, -2.4795e-03],
          [ 1.5282e-02, -1.2425e-03, -4.3196e-03]],

         [[-9.5960e-03,  7.8945e-04,  4.8462e-03],
          [-2.1633e-02, -2.4845e-02, -2.1972e-02],
          [-4.7740e-03,  1.0011e-02, -2.3140e-03]],

         [[ 1.6251e-02, -6.9905e-03, -8.0067e-04],
          [ 1.1367e-02, -1.9617e-02,  7.3590e-05],
          [ 7.6437e-03, -1.4458e-02,  2.5102e-03]],

         ...,

         [[ 1.5085e-02,  6.5795e-03,  5.9306e-04],
          [ 8.9329e-03,  1.6662e-03, -1.7665e-03],
          [-1.5112e-03,  3.6615e-03,  1.5518e-02]],

         [[-1.3154e-02, -1.1039e-02, -1.0878e-02],
          [-7.0031e-03, -1.0427e-02, -1.1746e-02],
          [-1.1658e-02,  9.5732e-03,  6.0918e-03]],

         [[-3.5556e-04, -4.1666e-03, -9.0144e-04],
          [-3.3163e-03,  8.4775e-04, -6.6195e-03],
          [-1.3467e-03,  5.9010e-03, -1.1370e-02]]],


        [[[-5.5834e-04,  8.7996e-03,  1.5396e-03],
          [-8.8182e-03,  8.8139e-03, -6.0799e-03],
          [-4.5333e-03,  1.2651e-02,  1.8351e-02]],

         [[-2.8239e-02, -4.5470e-02, -1.3618e-02],
          [-1.5449e-02, -3.1915e-02, -1.1597e-02],
          [ 1.1946e-02,  4.6210e-03, -1.0917e-03]],

         [[ 1.0903e-02, -1.7781e-03, -4.8616e-03],
          [ 1.1697e-02,  1.6536e-03, -3.0478e-03],
          [ 8.3352e-03, -1.8489e-03,  3.4702e-03]],

         ...,

         [[-2.1955e-03, -1.0757e-02, -1.1752e-02],
          [-2.5850e-02, -2.5613e-02, -2.6082e-02],
          [-1.8303e-02, -2.0598e-02, -2.1629e-02]],

         [[ 3.2894e-03,  2.1195e-03, -1.0611e-03],
          [-6.1026e-03, -2.7076e-03, -4.5936e-03],
          [ 2.6335e-02,  7.9279e-03, -2.8311e-04]],

         [[-1.7133e-02, -8.0348e-03,  1.1191e-02],
          [ 8.1807e-03,  4.2119e-02,  2.4165e-02],
          [ 1.2022e-02,  3.2342e-02,  1.9849e-02]]]])