tensor([[[[-0.0007]],

         [[ 0.0248]],

         [[ 0.0399]],

         ...,

         [[ 0.0010]],

         [[ 0.0151]],

         [[-0.0076]]],


        [[[ 0.0083]],

         [[ 0.0154]],

         [[-0.0171]],

         ...,

         [[-0.0111]],

         [[ 0.0083]],

         [[ 0.0297]]],


        [[[ 0.0131]],

         [[-0.0002]],

         [[ 0.0224]],

         ...,

         [[ 0.0052]],

         [[ 0.0076]],

         [[-0.0121]]],


        ...,


        [[[ 0.0284]],

         [[ 0.0405]],

         [[-0.0148]],

         ...,

         [[-0.0640]],

         [[-0.0497]],

         [[ 0.0730]]],


        [[[-0.0223]],

         [[ 0.0032]],

         [[-0.0168]],

         ...,

         [[ 0.0309]],

         [[-0.0237]],

         [[ 0.0182]]],


        [[[-0.0019]],

         [[ 0.0176]],

         [[-0.0282]],

         ...,

         [[ 0.0046]],

         [[-0.0190]],

         [[ 0.0103]]]])