tensor([2.1087, 1.7337, 2.2293, 1.6250, 1.6062, 2.1957, 1.4248, 1.6950, 1.8452,
        1.7470, 1.9033, 1.9603, 1.9269, 1.7458, 2.2699, 1.6451, 1.6767, 1.6131,
        2.2811, 1.6125, 1.7535, 1.5743, 1.5670, 1.8335, 2.0617, 1.6156, 2.0974,
        1.5969, 2.0743, 1.6822, 2.0884, 1.8154, 1.4350, 1.7134, 2.4747, 1.7925,
        1.6062, 2.1401, 1.6856, 1.8511, 1.6250, 1.7887, 1.6209, 1.9741, 2.0857,
        1.6884, 2.2081, 1.4233, 1.6139, 1.7514, 2.0772, 1.9597, 1.8201, 1.1972,
        2.1957, 1.7142, 1.6474, 1.5789, 2.0667, 1.5027, 2.4903, 2.3978, 1.9269,
        2.1051, 1.9144, 2.4609, 2.1520, 2.1906, 2.0080, 2.5099, 1.4868, 2.4233,
        1.8657, 1.7744, 1.8960, 1.6942, 1.9514, 1.7215, 1.8948, 2.1308, 2.1398,
        2.3017, 1.4799, 2.0479, 1.4691, 1.9451, 1.4887, 2.5104, 1.8072, 1.6561,
        1.8273, 1.6928, 1.4078, 1.8865, 1.5300, 2.2048, 2.4459, 1.5814, 2.3238,
        1.7988, 1.6942, 1.5769, 1.5701, 1.7574, 1.5877, 1.7704, 1.5716, 1.5672,
        1.6515, 1.8922, 1.0406, 2.1047, 1.8183, 1.3297, 2.1134, 1.7155, 1.5376,
        2.4603, 2.0516, 2.2987, 2.0673, 1.5040, 1.6614, 1.7210, 2.4311, 2.0455,
        1.6438, 2.3347, 1.9021, 1.7619, 1.5696, 2.2270, 1.5452, 1.5821, 2.3459,
        2.0330, 1.8737, 1.7074, 1.3655, 2.0123, 1.7356, 1.8158, 1.8037, 2.3451,
        1.7305, 1.9876, 1.5637, 1.9221, 2.4466, 2.3184, 1.2697, 1.7240, 1.4820,
        2.4411, 1.4484, 1.7676, 1.4150, 1.7474, 1.5370, 1.9151, 2.2523, 1.6576,
        1.3815, 2.0766, 1.5473, 1.6021, 2.0571, 1.5286, 1.9113, 2.2513, 1.8358,
        1.6858, 2.6749, 2.3416, 1.7295, 1.8790, 2.5853, 2.0295, 1.8011, 1.9909,
        1.9735, 1.3235, 1.7204, 2.1797, 2.3084, 2.3306, 2.0838, 1.9506, 1.8499,
        1.9840, 2.1713, 1.4327, 1.7475, 1.5766, 2.1226, 1.8390, 1.8927, 2.2931,
        1.4097, 1.5892, 2.4102, 2.0877, 1.7567, 1.6943, 1.2705, 2.4040, 1.6234,
        2.0598, 1.5939, 1.5705, 1.6735, 1.4087, 1.7194, 1.8504, 1.4616, 1.4937,
        1.2888, 1.3460, 2.7130, 2.3257, 1.8054, 2.2381, 1.3257, 1.6102, 1.6502,
        1.9076, 1.6660, 1.9887, 1.6579, 1.6581, 1.6404, 1.7316, 1.7499, 1.8052,
        1.8984, 2.1466, 1.5582, 2.1574, 2.2401, 1.9271, 1.4822, 2.2132, 1.9861,
        1.6826, 1.9714, 1.6829, 2.1852, 1.5205, 1.7594, 1.8848, 0.9452, 2.0194,
        1.4340, 1.3435, 1.6818, 1.7462])