tensor([[[[ 9.7168e-01,  9.2191e-01,  7.6866e-01,  ...,  7.0765e-01,
           -2.8735e-03,  1.5743e-01],
          [ 1.8438e+00,  3.1651e+00,  1.0513e+00,  ...,  1.4583e+00,
            1.6747e+00,  2.3526e+00],
          [ 1.0210e+00,  6.8445e-01,  1.0315e+00,  ...,  1.8138e+00,
            1.0758e+00, -4.4686e-02],
          ...,
          [ 5.9460e-01,  2.7358e-01,  1.8381e+00,  ...,  3.2410e-03,
            4.6728e-01,  7.3632e-01],
          [ 2.9671e-01, -1.3920e-02,  1.2983e-02,  ...,  1.5771e+00,
            1.6839e-01,  1.7795e-01],
          [ 2.6921e+00,  2.1358e-01,  4.1085e-01,  ...,  1.5079e+00,
            9.4188e-02,  4.1040e-01]],

         [[ 1.8067e+00,  3.0378e-01,  9.0829e-01,  ...,  1.4047e-01,
            4.1740e-01,  6.8357e-01],
          [ 1.3130e+00,  2.2661e+00, -1.7157e-02,  ...,  1.3396e+00,
            7.7189e-01,  1.2747e+00],
          [ 1.8881e+00,  1.8860e+00,  7.0883e-01,  ...,  1.4157e+00,
            2.5933e+00,  7.1610e-02],
          ...,
          [ 1.3199e+00,  1.4951e+00,  7.5996e-01,  ...,  1.5527e+00,
            1.1761e+00,  1.1225e+00],
          [ 1.1964e+00, -5.9858e-03,  5.8031e-01,  ...,  2.0384e+00,
            7.5567e-01,  5.8786e-01],
          [ 1.3712e+00,  1.7327e+00,  5.3212e-01,  ...,  7.9574e-01,
            1.1697e+00, -9.4544e-05]],

         [[-7.5458e-04,  2.0671e-01,  3.4567e-01,  ..., -1.1331e-02,
            2.6154e-01,  1.8208e+00],
          [ 1.6631e+00,  1.6356e+00,  1.5835e+00,  ...,  2.0443e-02,
           -1.7672e-02,  8.5255e-01],
          [ 2.6021e+00,  2.0691e+00,  7.4857e-01,  ...,  1.3996e+00,
            1.3713e+00,  4.1308e-01],
          ...,
          [ 1.8325e+00,  9.2872e-01,  5.9557e-01,  ...,  2.4067e+00,
            3.4229e-01,  1.0990e+00],
          [ 3.4049e-01, -1.4166e-02,  7.4225e-01,  ...,  7.4068e-01,
            1.6710e+00,  1.2935e+00],
          [ 1.7176e+00,  3.2779e+00,  2.4738e+00,  ...,  2.4212e+00,
            2.2234e+00,  1.5606e+00]],

         ...,

         [[ 9.0350e-01,  5.3343e-01,  5.1370e-01,  ..., -7.8263e-02,
            5.3789e-01, -2.4890e-02],
          [ 1.7133e+00,  1.4008e+00,  2.1296e+00,  ...,  4.9413e-01,
           -3.4398e-02,  3.2337e-01],
          [ 6.6328e-01,  1.7572e+00,  1.7989e+00,  ...,  1.9978e+00,
            1.3337e+00,  1.4212e+00],
          ...,
          [ 1.0041e+00, -2.6527e-02,  1.5691e+00,  ...,  6.2637e-01,
            2.1356e+00,  1.3827e+00],
          [ 1.0882e-02, -5.0868e-03,  6.2187e-01,  ...,  9.8567e-01,
            2.0312e+00, -1.1398e-02],
          [ 1.2425e+00,  1.3035e+00,  6.2709e-01,  ...,  7.7639e-01,
            1.5740e+00,  1.0601e+00]],

         [[ 2.2943e+00,  1.0416e+00,  1.4797e+00,  ...,  8.7546e-01,
            3.6850e-01,  6.7963e-01],
          [ 8.6361e-01,  1.5271e+00,  3.7834e-01,  ...,  2.1485e+00,
            1.4974e+00,  1.6345e+00],
          [ 9.7317e-01,  1.6295e+00,  1.3223e+00,  ...,  1.6525e+00,
            3.0587e+00,  1.6320e+00],
          ...,
          [ 4.6668e-01,  3.8594e-01,  5.5046e-01,  ...,  1.6978e+00,
            2.0593e+00,  1.6590e+00],
          [ 1.7101e+00,  1.3568e+00,  1.2578e+00,  ...,  6.6574e-01,
           -6.2346e-02,  7.9697e-01],
          [ 1.5953e+00, -7.5440e-02,  3.6128e-01,  ...,  7.1213e-01,
            1.3692e-01,  6.7878e-01]],

         [[ 1.2017e+00,  1.6285e+00,  6.0861e-01,  ...,  5.6268e-01,
           -2.2471e-02, -2.9673e-02],
          [ 1.4548e+00, -4.1843e-02,  1.1657e+00,  ...,  6.8580e-01,
            5.1148e-01,  1.2588e+00],
          [ 1.4979e+00,  1.5180e+00,  1.3303e+00,  ...,  5.6667e-01,
            2.7968e-01,  1.9592e+00],
          ...,
          [ 7.2285e-01, -2.5769e-02,  4.2283e-01,  ...,  2.0369e-01,
            2.4684e-01,  2.3278e-01],
          [ 1.2550e+00,  1.0478e+00,  1.2929e+00,  ...,  1.5218e+00,
            1.0673e+00,  5.6191e-01],
          [ 1.2838e+00,  9.7097e-02, -2.0663e-02,  ...,  9.3409e-01,
            2.7500e-01, -9.2226e-03]]]],
       grad_fn=<MaxPool2DWithIndicesBackward0>)