tensor([[[[-2.7846e-02,  9.9009e-02, -1.1117e-02,  ..., -6.1404e-02,
            7.9956e-01,  6.4352e-01],
          [ 4.3540e-01,  8.1425e-01,  3.8813e-01,  ..., -1.1001e-01,
            4.9020e-01, -2.0650e-03],
          [-6.7809e-03,  2.5898e-01, -9.9664e-02,  ..., -7.9646e-04,
            2.0749e+00,  1.7076e+00],
          ...,
          [ 6.9294e-02,  6.5781e-01,  9.8093e-01,  ..., -1.5238e-01,
            1.5355e-01, -1.0198e-02],
          [-3.9652e-02, -6.7484e-02,  8.4740e-01,  ...,  8.8456e-03,
            5.8313e-01, -3.2717e-02],
          [ 1.5672e+00,  9.3530e-01,  8.0250e-01,  ...,  1.8548e+00,
            1.7398e+00,  6.1482e-01]],

         [[-3.3717e-02, -4.9729e-02, -1.1501e-01,  ..., -1.3731e-01,
           -1.0736e-01,  6.0004e-01],
          [ 5.8622e-01,  2.6154e+00,  5.1203e-02,  ..., -3.5265e-02,
            1.5007e+00,  6.4214e-01],
          [-8.1949e-02, -1.3937e-01, -1.4446e-01,  ..., -1.0660e-01,
           -7.0089e-02, -1.4836e-01],
          ...,
          [ 8.5359e-01,  9.8224e-01,  1.0088e+00,  ..., -3.0318e-02,
           -3.1038e-02, -6.2119e-02],
          [ 1.0997e+00,  1.8786e+00, -1.1476e-02,  ..., -4.3787e-02,
           -8.6657e-02, -9.2271e-02],
          [ 5.1797e-01,  1.3600e+00, -3.5644e-02,  ..., -1.3662e-01,
           -2.0221e-02, -1.1769e-01]],

         [[ 1.1464e+00,  2.9791e-01,  1.8334e-01,  ...,  5.1005e-01,
            1.1226e-01, -1.1577e-02],
          [ 1.0306e+00,  4.5355e-01,  1.7438e+00,  ..., -1.4434e-01,
            8.5102e-01, -6.0003e-02],
          [ 2.4736e+00, -8.8934e-02, -1.3612e-01,  ..., -1.1483e-01,
           -1.4510e-01, -7.2678e-02],
          ...,
          [-1.2180e-01,  1.0214e-01,  9.2414e-01,  ...,  5.3254e-01,
           -8.1439e-02, -1.0580e-01],
          [-1.5376e-02,  1.0786e-01,  1.4365e+00,  ..., -3.1643e-02,
           -1.0540e-03, -1.9788e-01],
          [ 2.5898e-01,  4.0482e-01,  3.0754e-01,  ..., -7.4379e-02,
            4.8284e-01, -1.5032e-01]],

         ...,

         [[-4.5221e-02, -8.4924e-02, -1.2647e-01,  ..., -1.2658e-01,
            1.1444e-01,  2.8490e-01],
          [-1.0625e-01,  6.0569e-01,  7.2481e-01,  ...,  5.3609e-01,
           -3.5557e-02,  1.3102e-01],
          [-1.1014e-01, -7.1848e-03,  1.1970e+00,  ..., -4.9878e-02,
           -5.5040e-02, -2.2563e-01],
          ...,
          [-1.4228e-01, -4.4630e-02,  8.2640e-01,  ...,  9.4009e-02,
            2.6209e-01, -7.0877e-02],
          [-6.0436e-02,  2.5306e-01, -5.2590e-02,  ..., -2.2141e-02,
            8.3592e-01, -9.7516e-02],
          [ 4.7587e-01,  1.2475e+00, -2.2464e-02,  ...,  2.0081e-01,
           -3.2247e-02, -7.0812e-02]],

         [[-1.8443e-03, -1.8039e-02, -1.3610e-02,  ...,  2.1228e-02,
           -1.9427e-01, -4.9885e-02],
          [-1.9855e-01, -1.1375e-02,  9.4286e-01,  ..., -9.4772e-03,
           -9.4886e-02, -2.4900e-03],
          [-8.0804e-02,  4.0391e-01,  1.7794e+00,  ...,  1.4268e+00,
           -2.1780e-01, -1.0332e-01],
          ...,
          [-6.1459e-02, -9.1222e-02,  2.5257e-01,  ...,  2.5088e+00,
           -7.2413e-02,  7.0193e-02],
          [-1.3960e-01, -2.3185e-01, -4.1326e-02,  ...,  8.6500e-01,
           -6.1629e-02, -8.4815e-03],
          [-1.2968e-02,  3.9986e-01,  1.9367e+00,  ...,  1.1549e+00,
            4.6684e-01,  7.3716e-01]],

         [[ 2.3967e-01, -3.8497e-02, -5.1256e-02,  ..., -1.3327e-02,
           -1.2834e-01, -1.0704e-01],
          [ 1.1195e+00, -6.0191e-02,  1.6040e+00,  ...,  2.7226e-01,
            2.3255e-01, -6.5850e-02],
          [ 3.3598e-01, -1.2143e-01,  8.2934e-01,  ..., -2.5993e-02,
           -1.3990e-02, -5.0206e-02],
          ...,
          [-5.1130e-02,  4.3001e-01,  4.2979e-01,  ...,  1.9407e+00,
            1.9448e+00,  8.2270e-01],
          [ 1.2334e+00,  8.2663e-01,  9.0519e-03,  ...,  2.2984e+00,
           -1.2133e-02, -8.5035e-02],
          [-1.1425e-01, -1.2312e-01, -1.9706e-01,  ..., -7.7793e-02,
           -6.6555e-02, -1.6566e-01]]]], grad_fn=<LeakyReluBackward1>)