tensor([[[[ 1.5464e+00,  1.1549e+00,  1.8310e+00,  ...,  2.1695e+00,
            2.3001e+00,  1.6493e+00],
          [ 1.1778e+00,  1.6818e+00,  3.2946e-01,  ...,  8.4327e-01,
            1.9130e-01,  1.2968e+00],
          [ 1.4809e+00,  3.2634e-01,  1.5320e+00,  ...,  1.1374e+00,
            9.8084e-01,  1.0805e+00],
          ...,
          [ 5.2958e-01,  9.1912e-01,  3.0514e-01,  ..., -1.1582e-02,
            8.8189e-01,  1.2220e+00],
          [ 4.3781e-01,  1.1201e+00,  3.4341e-01,  ...,  1.6459e+00,
            9.6038e-01,  7.8539e-01],
          [ 1.2583e+00,  1.3001e+00,  1.6244e+00,  ...,  4.5133e-01,
            1.3870e+00,  1.6102e+00]],

         [[ 2.0746e+00,  8.6690e-01,  9.5490e-01,  ...,  1.3897e+00,
            9.6005e-01, -3.4658e-02],
          [ 5.6603e-01,  3.0325e-01,  6.6966e-01,  ...,  4.9107e-01,
            1.0227e+00,  5.1325e-01],
          [ 1.4351e+00,  5.8529e-01,  1.7431e-01,  ...,  2.1860e-01,
            8.9276e-01,  1.2521e+00],
          ...,
          [ 1.7910e+00, -2.8621e-02,  1.2892e+00,  ...,  8.3518e-01,
            2.2593e+00,  1.4660e+00],
          [ 1.3757e+00,  2.9560e-01,  9.8433e-01,  ...,  2.2402e+00,
            1.6211e+00,  2.2772e+00],
          [ 3.6926e-01,  1.4699e+00,  1.6428e+00,  ...,  1.7020e+00,
            3.6259e-01,  1.2364e+00]],

         [[ 1.6468e+00,  1.9818e+00,  1.9083e+00,  ...,  1.6896e+00,
            1.8076e+00,  1.8556e+00],
          [ 1.8354e+00,  6.0393e-01,  1.1318e+00,  ...,  1.7852e+00,
            1.2799e+00,  2.8755e-01],
          [ 2.4042e+00,  7.7220e-01,  1.9035e+00,  ...,  1.3946e+00,
            8.6449e-01,  1.7627e+00],
          ...,
          [ 1.9030e+00,  1.5617e+00,  4.5232e-01,  ...,  6.6219e-01,
           -1.4140e-02,  1.9549e+00],
          [ 1.4967e+00,  1.8260e+00,  9.8444e-01,  ...,  9.1109e-01,
            4.3917e-01,  4.3200e-02],
          [ 1.9054e+00,  1.3734e+00, -4.0316e-03,  ...,  2.2685e-01,
            1.2812e-01,  5.6507e-01]],

         ...,

         [[ 1.4067e+00,  2.3191e-01,  6.0762e-01,  ...,  1.0337e+00,
            6.3859e-01, -9.4189e-03],
          [ 1.5386e+00,  4.7047e-01,  3.0736e-01,  ...,  7.9881e-01,
            1.7611e+00,  1.1436e+00],
          [ 1.3222e+00,  6.0965e-01,  1.5093e+00,  ...,  1.7367e+00,
            2.4471e-01,  3.7885e-01],
          ...,
          [ 1.5483e+00,  1.5466e+00,  1.1508e+00,  ...,  9.7657e-01,
            2.3216e+00,  5.8015e-01],
          [ 1.1614e+00,  6.3539e-01,  1.1940e+00,  ...,  8.6196e-01,
            9.6774e-01,  8.2508e-01],
          [ 9.5818e-01, -8.0190e-02, -3.4359e-02,  ..., -2.1580e-02,
            3.2762e-02, -3.9370e-02]],

         [[ 2.1950e-01, -1.7044e-03, -1.2748e-02,  ..., -6.8666e-03,
           -1.2612e-01, -3.2005e-02],
          [ 1.5237e+00,  6.2237e-01,  8.4753e-01,  ...,  1.5598e+00,
            9.9530e-01,  3.5642e-02],
          [ 1.4526e+00,  1.9829e+00,  1.3005e+00,  ...,  1.2140e+00,
            1.0008e+00,  8.1245e-01],
          ...,
          [ 8.8139e-01,  1.0411e+00,  7.8274e-01,  ...,  9.6649e-01,
            7.2089e-01, -5.8143e-02],
          [ 1.0054e+00,  5.9684e-01,  9.6932e-01,  ...,  1.2190e+00,
            3.4915e-01,  1.3134e+00],
          [ 1.9277e+00,  1.5003e+00,  1.6132e+00,  ...,  1.7399e+00,
            7.5405e-01,  8.7247e-01]],

         [[ 8.6248e-01, -3.5163e-02,  9.0742e-01,  ...,  6.3795e-01,
            3.7375e-01,  2.3442e+00],
          [ 1.9271e+00,  7.6939e-01,  2.0718e+00,  ...,  2.5287e-01,
            1.4432e+00,  1.7001e+00],
          [ 1.8336e+00,  8.4483e-01,  1.8280e+00,  ...,  3.3893e-01,
            9.6991e-01,  2.0376e+00],
          ...,
          [ 1.9062e+00,  2.2787e-01,  8.0046e-01,  ...,  1.1175e+00,
            1.2886e+00,  1.5548e+00],
          [ 1.7873e+00,  1.3173e+00,  1.2444e+00,  ...,  1.2327e+00,
            4.2212e-01,  2.0761e+00],
          [ 1.2377e+00,  5.6903e-01,  5.6872e-01,  ...,  1.7199e+00,
            4.0295e-01,  1.5096e+00]]]],
       grad_fn=<MaxPool2DWithIndicesBackward0>)