tensor([[[[ 1.6108e+00,  1.4774e+00,  8.0155e-01,  ...,  4.3860e-01,
            1.7501e+00, -1.4753e-02],
          [ 5.2414e-01,  1.8331e+00,  1.5103e+00,  ...,  8.1252e-01,
            1.1828e+00, -2.5074e-02],
          [ 6.9630e-01, -1.6973e-03,  1.8810e+00,  ...,  1.5834e+00,
            4.7985e-01, -7.9040e-03],
          ...,
          [ 1.6206e+00,  5.8399e-01,  1.1123e+00,  ...,  2.7493e+00,
            1.8994e+00,  5.6838e-01],
          [ 2.4032e+00, -7.0413e-03,  1.8778e+00,  ...,  9.3010e-02,
            4.4064e-01, -7.4999e-03],
          [ 7.9806e-01,  2.7061e+00,  2.1857e+00,  ...,  9.9061e-01,
            2.0817e+00,  1.6899e+00]],

         [[ 1.0185e+00,  2.2767e+00,  1.1869e+00,  ...,  1.1996e+00,
            2.4411e+00,  1.0392e+00],
          [ 5.0444e-01,  8.3359e-01,  2.7577e+00,  ...,  1.6252e+00,
            1.6564e+00,  2.0534e-01],
          [-4.6780e-02,  7.2042e-01,  1.5422e+00,  ...,  4.5483e-01,
            3.3387e-01,  1.2982e+00],
          ...,
          [ 1.8188e+00,  8.8763e-01,  1.4087e+00,  ..., -3.0363e-02,
            6.5173e-01,  8.7614e-01],
          [ 3.9718e-01,  1.6512e-01,  6.8100e-02,  ...,  8.2213e-01,
            4.1072e-01,  9.9001e-01],
          [ 1.9082e+00,  9.5323e-02,  9.2392e-01,  ...,  1.3424e+00,
            7.2408e-01,  2.1103e+00]],

         [[ 2.4259e+00,  1.3331e+00,  2.9413e+00,  ...,  2.1266e+00,
            2.3400e+00,  1.5828e+00],
          [-3.1781e-02,  6.1531e-01,  3.1654e-01,  ...,  7.6962e-01,
            1.6246e+00,  1.0812e+00],
          [ 9.0870e-01,  1.5203e+00,  1.0351e+00,  ...,  6.6899e-01,
            7.3007e-01,  1.3433e+00],
          ...,
          [ 3.1792e-01,  1.1072e+00,  3.5574e-01,  ...,  1.8737e+00,
            1.9928e-01,  6.1958e-01],
          [ 1.2852e+00,  1.4926e+00,  9.6999e-03,  ...,  1.8071e+00,
            1.1828e+00,  7.4526e-01],
          [ 4.2178e-01,  1.2263e+00,  1.4570e+00,  ...,  1.0449e+00,
            8.3026e-01,  5.6025e-01]],

         ...,

         [[ 1.0146e+00, -3.6022e-02,  4.5249e-01,  ...,  1.2491e+00,
            5.8386e-01,  1.4585e-01],
          [ 2.7610e-01,  7.0158e-01,  1.1208e+00,  ...,  1.2513e+00,
            1.8096e+00,  2.6885e+00],
          [ 2.7154e-01,  2.4356e+00,  8.3211e-01,  ...,  4.1561e-01,
            1.1489e+00,  1.5551e+00],
          ...,
          [ 4.5692e-01,  1.2219e+00,  2.6217e+00,  ...,  1.2012e+00,
            1.3114e+00,  1.0911e+00],
          [ 2.2880e+00,  1.0733e+00,  1.4419e-01,  ...,  1.5533e+00,
            4.4070e-01,  1.2913e+00],
          [ 1.4589e+00,  8.5556e-01,  1.7860e+00,  ...,  1.7468e+00,
            1.1738e+00,  1.6653e+00]],

         [[-9.1423e-03,  2.1392e+00,  2.0703e-01,  ...,  2.2630e+00,
            4.0371e-01,  1.6377e+00],
          [ 2.0386e+00,  1.0120e+00,  2.0285e+00,  ...,  5.6805e-01,
            3.7221e-01,  2.0988e+00],
          [ 2.3259e-01,  8.7711e-01,  1.1956e+00,  ...,  7.9726e-01,
           -2.8725e-03,  1.3547e+00],
          ...,
          [ 1.0246e+00,  1.5709e-01,  1.3701e+00,  ...,  1.9514e+00,
            6.4436e-01,  1.5052e+00],
          [ 1.1228e+00,  9.2649e-01,  1.1134e+00,  ...,  4.4562e-01,
            1.1979e+00,  6.6207e-01],
          [ 1.2078e+00,  2.4544e+00,  2.0560e+00,  ...,  1.7455e+00,
            2.4602e+00,  1.4451e+00]],

         [[ 9.7597e-01,  2.7023e+00,  1.3674e+00,  ...,  1.7103e+00,
            1.5054e+00,  7.5965e-01],
          [ 2.0144e+00,  1.0771e+00,  2.7201e-01,  ...,  6.2209e-01,
            1.1826e+00,  1.8155e+00],
          [ 9.6388e-01,  7.7793e-01,  2.0867e+00,  ...,  1.7236e+00,
            1.4010e-01,  1.0250e+00],
          ...,
          [ 1.8425e+00,  2.3418e+00,  4.3726e-01,  ...,  1.2389e+00,
            1.6254e+00,  7.8915e-01],
          [ 1.0824e+00,  1.9642e-01,  3.1262e-01,  ...,  9.8961e-01,
           -8.1583e-02,  9.5333e-01],
          [ 1.4615e+00,  9.4703e-01,  2.1482e+00,  ...,  2.5311e+00,
            1.4217e+00,  1.5494e+00]]]],
       grad_fn=<MaxPool2DWithIndicesBackward0>)