tensor([[[[-1.7130e-01,  1.2678e-02, -8.7807e-02,  ...,  7.6850e-01,
            2.8052e-01, -1.4534e-01],
          [-9.4508e-02,  3.1747e-02,  5.9398e-01,  ...,  1.0137e+00,
            1.9758e+00,  1.0391e-02],
          [-2.0460e-01,  5.0199e-02,  1.3233e+00,  ...,  1.1348e+00,
            1.9132e+00, -2.5738e-02],
          ...,
          [-7.5664e-02,  2.0977e+00,  6.4268e-01,  ...,  1.4676e+00,
            1.5994e+00, -2.8125e-02],
          [-2.7253e-01,  8.6649e-01,  2.7305e-01,  ...,  5.1461e-01,
            3.0313e-01, -5.9012e-02],
          [-3.2717e-01,  5.2589e-02, -1.9084e-01,  ..., -4.5124e-02,
           -8.9151e-02, -5.3330e-02]],

         [[ 1.4993e+00,  1.2640e+00,  1.7961e+00,  ...,  1.0988e+00,
            9.6592e-01,  1.6110e+00],
          [-1.2690e-01, -5.6216e-02, -4.9059e-02,  ..., -3.9504e-02,
           -5.6509e-02,  1.4414e+00],
          [-6.4363e-02, -3.8372e-02, -8.2956e-02,  ..., -1.5859e-01,
           -2.1017e-01,  8.1334e-01],
          ...,
          [ 2.6076e-01, -2.5063e-02,  2.4320e-01,  ..., -9.7665e-02,
           -2.2816e-02,  1.0435e+00],
          [ 6.5938e-01, -4.7430e-02, -9.2236e-02,  ..., -1.6845e-01,
           -1.6919e-01,  9.1718e-02],
          [ 2.5222e-01, -8.5300e-02, -6.0286e-02,  ..., -8.9410e-02,
           -1.6304e-01,  8.4068e-03]],

         [[-2.3893e-03, -1.3659e-02, -6.5465e-02,  ..., -3.1596e-02,
           -1.7976e-01, -1.9484e-01],
          [ 1.2615e-01,  6.7849e-01,  5.7047e-01,  ..., -7.5952e-02,
           -1.6836e-02, -3.1776e-02],
          [ 2.7156e-01, -6.2590e-02,  1.2715e+00,  ..., -1.5032e-01,
           -9.0240e-02, -1.0451e-01],
          ...,
          [ 5.9712e-01,  1.8940e-01,  1.2976e-01,  ...,  1.8064e-01,
            6.0812e-01, -1.1450e-01],
          [-4.9668e-02, -1.0781e-02, -9.9597e-02,  ..., -2.0514e-01,
           -1.7963e-01, -1.3048e-01],
          [-1.0651e-01, -1.7467e-01, -1.4269e-01,  ..., -2.1539e-01,
           -1.2952e-01, -8.0896e-02]],

         ...,

         [[-4.2630e-02,  1.1362e+00,  3.4580e-01,  ...,  2.9411e-01,
            6.3488e-01,  1.7433e+00],
          [-5.5660e-02,  9.0681e-02, -5.5214e-02,  ...,  5.3059e-01,
            5.3168e-01, -5.2205e-02],
          [-8.2420e-02, -6.9813e-02,  3.5622e-01,  ...,  1.7507e+00,
            8.2209e-01, -6.5909e-03],
          ...,
          [-7.5214e-02, -5.1200e-02, -2.8891e-02,  ..., -1.6087e-01,
           -1.8395e-01, -2.3849e-01],
          [-1.3117e-01, -1.6854e-01, -4.8807e-03,  ..., -1.9182e-01,
           -2.1502e-01, -1.0935e-01],
          [-1.0996e-01, -1.7038e-01, -1.0415e-01,  ..., -8.3184e-02,
           -1.7213e-02, -1.3450e-03]],

         [[ 1.7511e+00,  1.8520e+00,  4.6714e-01,  ..., -2.4013e-02,
            5.5213e-01,  1.2623e+00],
          [ 7.7771e-02, -3.5754e-02,  1.9093e-01,  ..., -1.7846e-01,
            8.0035e-01,  1.0881e+00],
          [ 9.8844e-01,  4.8376e-01,  1.0346e-01,  ..., -3.8543e-02,
            1.0199e+00,  6.1347e-01],
          ...,
          [ 2.8949e-01, -1.1988e-01, -1.7639e-01,  ..., -9.0945e-02,
           -6.5458e-02,  5.7762e-01],
          [ 1.7862e+00, -6.4222e-02, -2.7135e-01,  ..., -1.4165e-01,
           -7.3761e-02, -4.1266e-02],
          [ 1.7619e+00,  1.3731e+00,  6.7421e-01,  ..., -6.8576e-02,
            6.9741e-01, -5.1538e-02]],

         [[ 1.0141e+00, -9.5996e-03,  5.3685e-01,  ...,  6.3570e-01,
           -4.2473e-02, -2.5273e-01],
          [ 1.0080e+00,  1.1649e+00,  1.0115e+00,  ...,  1.7026e+00,
            3.4732e-01, -1.0679e-01],
          [-1.4157e-02, -7.5662e-03,  9.0919e-01,  ...,  1.2237e+00,
           -2.9441e-02, -1.0732e-01],
          ...,
          [ 1.2090e+00, -2.3000e-02, -1.5627e-01,  ...,  1.8912e-02,
            1.2005e+00, -1.0614e-01],
          [ 2.3677e+00,  3.2087e-01, -1.1948e-01,  ...,  1.7448e+00,
            5.6093e-01, -2.2104e-01],
          [ 1.1335e+00, -4.5746e-02, -3.3973e-02,  ...,  8.4631e-01,
           -4.3243e-03, -1.4160e-01]]]], grad_fn=<LeakyReluBackward1>)