tensor([[[[ 0.2105,  0.1519,  0.0438,  ..., -0.3258,  0.4876,  0.6091],
          [ 0.1895,  0.1960, -0.2635,  ..., -0.0246, -0.5592,  0.3334],
          [ 0.5614,  0.1344, -0.0341,  ..., -0.0929, -0.1683,  0.7965],
          ...,
          [ 0.1177, -0.4615, -0.3914,  ..., -0.5087, -0.0408,  0.7038],
          [ 0.4058,  0.1537,  0.1866,  ..., -0.4244, -0.1854,  0.7161],
          [ 0.2240, -0.3497, -0.2830,  ..., -0.4649, -0.3012,  0.1511]],

         [[-0.2150, -0.8473, -0.2792,  ...,  0.1275,  0.3377,  0.1979],
          [-0.0718, -0.3290,  0.4567,  ...,  0.6753,  0.5146, -0.1932],
          [ 0.1101,  0.3454,  0.9639,  ...,  0.7107,  1.2345,  0.0726],
          ...,
          [-0.0093, -0.4882, -0.4169,  ...,  0.5330,  0.1187, -0.2165],
          [ 0.1528, -0.9512, -0.0154,  ...,  0.4204,  0.4020,  0.0419],
          [ 0.0068,  0.4441,  0.1274,  ...,  0.0542, -0.0976,  0.1588]],

         [[-0.5746,  0.0121, -0.0214,  ..., -0.0457,  0.0695, -0.0094],
          [ 0.0486,  0.0089, -0.2204,  ..., -0.2714, -0.1601,  0.3822],
          [ 0.1226, -0.0410, -0.3382,  ..., -0.1413, -0.4886, -0.1537],
          ...,
          [ 0.0853,  0.1585,  0.6475,  ..., -0.5423, -0.6973, -0.1791],
          [-0.3276, -0.3307, -0.3124,  ...,  0.0932, -0.1481, -0.1168],
          [-0.4044, -0.2516, -0.3002,  ...,  0.0667, -0.1341, -0.3516]],

         ...,

         [[ 0.4579,  0.3782,  0.5283,  ...,  0.4516,  0.2991,  0.4432],
          [ 0.4844,  0.2267, -0.4149,  ...,  0.3642,  0.3871,  0.4020],
          [ 0.7321,  0.5255,  0.1603,  ...,  0.4666,  0.4693,  0.4974],
          ...,
          [ 0.4056,  1.5225,  0.0336,  ...,  0.3199, -0.4778,  0.0016],
          [ 0.3065,  1.0370,  0.5164,  ...,  0.9922,  0.3363,  0.0948],
          [ 0.4655,  0.1897,  0.0733,  ...,  0.7002,  0.4975, -0.0294]],

         [[ 0.2479, -0.1147,  0.1140,  ...,  0.2326, -0.3107,  0.1818],
          [ 0.3973, -0.2210,  0.3312,  ...,  0.2316,  0.0150,  0.3765],
          [ 0.6368,  0.0388,  0.5210,  ...,  0.2655,  0.1823,  0.2243],
          ...,
          [ 0.4829,  0.1199,  0.0768,  ...,  0.2721, -0.2259,  0.1442],
          [ 0.3358, -0.6473, -0.3234,  ...,  0.7335,  0.1128, -0.0420],
          [ 0.0971, -0.1983, -0.4849,  ..., -0.2969, -0.6119,  0.0095]],

         [[-0.5842, -0.2596, -0.3963,  ..., -0.5901, -0.4438, -0.3933],
          [-0.4474, -0.5530, -0.1296,  ..., -0.4993, -0.1222, -0.3512],
          [-0.2039, -0.2513, -0.0209,  ..., -0.0394,  0.0269, -0.0784],
          ...,
          [-0.6403, -0.7191, -0.1209,  ...,  0.5277,  0.4016,  0.2634],
          [-0.6848, -1.2333, -0.0422,  ...,  0.1535,  0.1229, -0.0822],
          [-0.3109, -0.6686, -0.0593,  ..., -0.0437, -0.0448, -0.0435]]]],
       grad_fn=<ConvolutionBackward0>)