tensor([[[[-7.8379e-01, -9.6869e-01, -9.0928e-01,  ..., -9.1633e-01,
           -8.5040e-01,  6.8534e+00],
          [-6.8642e-01, -7.4173e-01, -9.0181e-01,  ..., -1.1009e+00,
           -1.0182e+00,  5.2242e+00],
          [-4.5004e-01, -8.9148e-01, -1.1713e+00,  ..., -1.0489e+00,
           -9.3794e-01,  8.5003e-01],
          ...,
          [-6.6754e-01, -8.0739e-01, -9.4918e-01,  ..., -8.0031e-01,
           -6.4975e-01,  9.4913e-01],
          [-1.0038e+00, -7.1154e-01, -9.5604e-01,  ..., -9.8704e-01,
           -9.9942e-01, -1.6081e-02],
          [-5.0169e-01, -8.0076e-01, -7.3531e-01,  ..., -1.0242e+00,
           -8.0383e-01, -6.2117e-02]],

         [[-5.4380e-01, -1.5610e+00, -1.2534e+00,  ..., -9.6576e-01,
           -1.2528e+00, -8.2688e-01],
          [-6.4227e-01, -1.6238e+00, -1.3962e+00,  ..., -1.8733e+00,
           -1.7070e+00, -1.5955e+00],
          [-6.5417e-01, -1.7777e+00, -1.6126e+00,  ..., -1.7459e+00,
           -1.7001e+00, -1.4180e+00],
          ...,
          [-6.8224e-01, -1.8085e+00, -1.7278e+00,  ..., -1.8134e+00,
           -1.8551e+00, -1.6594e+00],
          [-4.8725e-01, -1.8392e+00, -1.6332e+00,  ..., -1.7852e+00,
           -1.7364e+00, -1.4703e+00],
          [-2.9199e-01, -1.1376e+00, -1.2920e+00,  ..., -1.5241e+00,
           -1.5156e+00, -1.0110e+00]],

         [[-9.1780e-01, -8.6423e-01, -9.7329e-01,  ..., -7.2499e-01,
           -9.0565e-01, -9.3718e-01],
          [-4.2133e-01, -3.3430e-01, -1.3567e-01,  ..., -1.5454e-01,
           -2.0590e-01, -5.9711e-01],
          [-3.0793e-01, -2.6671e-01, -2.1978e-01,  ..., -2.8200e-01,
           -3.5506e-01, -6.7101e-01],
          ...,
          [-5.1349e-01, -5.3079e-01, -5.4748e-01,  ..., -1.8733e-01,
           -3.0305e-01, -6.3976e-01],
          [-4.9017e-01, -3.4569e-01, -3.6403e-01,  ..., -4.0899e-01,
           -3.6738e-01, -5.5606e-01],
          [-9.4085e-01, -8.5603e-01, -7.8870e-01,  ..., -6.3981e-01,
           -7.1624e-01, -6.1615e-01]],

         ...,

         [[ 8.9190e-01,  2.3570e-01,  6.0157e-01,  ...,  2.1915e-01,
            7.2022e-01,  1.4608e+00],
          [ 6.3259e-01, -2.6393e-02, -6.2722e-02,  ..., -1.5981e-01,
           -1.2701e-01,  1.5529e+00],
          [-2.6461e-02, -7.7631e-02, -2.8192e-02,  ..., -8.2472e-02,
           -7.8385e-04,  1.8511e+00],
          ...,
          [-1.0169e-01, -6.7337e-02, -5.5421e-02,  ..., -8.6763e-02,
           -6.9443e-02, -4.3070e-03],
          [ 9.0959e-01,  3.6919e-02, -1.4102e-01,  ..., -6.7058e-02,
           -1.8306e-01,  9.5692e-01],
          [ 1.2769e+00, -1.1449e-01, -6.9950e-02,  ..., -9.5155e-02,
           -8.3316e-02,  7.7312e-01]],

         [[-9.3397e-01, -7.8109e-01, -5.2422e-01,  ..., -4.6254e-01,
           -6.9128e-01,  1.3517e-01],
          [-1.2836e+00, -1.2575e+00, -1.1353e+00,  ..., -1.3062e+00,
           -1.2534e+00, -5.8890e-01],
          [-1.2717e+00, -1.2636e+00, -1.2173e+00,  ..., -1.2993e+00,
           -1.4015e+00, -7.7130e-01],
          ...,
          [-1.3958e+00, -1.1614e+00, -1.3398e+00,  ..., -1.3811e+00,
           -1.3598e+00, -5.3894e-01],
          [-1.3928e+00, -1.2416e+00, -1.3499e+00,  ..., -1.3291e+00,
           -1.2679e+00, -6.8921e-01],
          [-7.4863e-01, -1.1596e+00, -1.0543e+00,  ..., -1.0551e+00,
           -1.0290e+00, -4.1849e-01]],

         [[-2.1223e-01, -7.7234e-01, -7.4847e-01,  ..., -7.1724e-01,
           -6.8443e-01, -6.7614e-01],
          [-3.0000e-01, -7.1372e-01, -5.9583e-01,  ..., -7.6771e-01,
           -6.3226e-01, -5.7465e-01],
          [-3.0908e-01, -5.3633e-01, -8.6644e-01,  ..., -7.8826e-01,
           -6.6505e-01, -8.2770e-01],
          ...,
          [-4.4980e-01, -7.6791e-01, -6.3598e-01,  ..., -7.8412e-01,
           -6.9695e-01, -7.9031e-01],
          [-3.7471e-01, -9.0744e-01, -7.8146e-01,  ..., -7.3269e-01,
           -8.9253e-01, -8.4795e-01],
          [-1.3430e-02, -4.0143e-01, -5.5050e-01,  ..., -5.1816e-01,
           -4.5081e-01, -3.8733e-01]]]])