tensor([[[[10.4024, -0.2098, -0.6080,  ..., -1.9968, -0.7038, -1.5548],
          [13.7449, -0.2340, -1.0433,  ..., -2.0651, -1.3053, -1.5589],
          [19.1321, -0.6040, -0.8720,  ..., -1.0549, -1.3926, -1.8325],
          ...,
          [22.5612, -0.8738, -0.6855,  ..., -0.8498, -0.6212, -1.6435],
          [17.9421, -0.8355, -1.0868,  ..., -1.6359, -1.5539, -0.7383],
          [11.2400,  2.7154, -1.0670,  ..., -0.9884,  0.3830, -1.5263]],

         [[-0.1799, -0.1301, -0.2675,  ..., -0.1786, -0.0919,  0.7934],
          [-0.5352, -0.5122, -0.8271,  ..., -1.0045, -0.8883, -1.1573],
          [-0.6335, -0.7813, -0.8165,  ..., -1.1078, -0.9867, -1.6348],
          ...,
          [-0.6082, -0.5529, -0.4623,  ..., -1.2486, -1.0791, -1.2103],
          [ 0.8866, -0.6960, -0.5310,  ..., -0.5869, -0.2814, -1.0917],
          [-0.8468, -0.5799, -0.5387,  ..., -0.6193, -0.9829, -0.5717]],

         [[-1.4428, -0.8905, -2.1072,  ..., -1.6924, -1.8105, -1.8904],
          [-0.7777, -0.9910, -1.3845,  ..., -1.5044, -1.0963, -2.1109],
          [-1.2811, -1.3944, -1.1612,  ..., -1.6681, -1.1634, -2.1888],
          ...,
          [-0.9422, -1.3607, -1.0363,  ..., -1.4348, -1.1640, -1.5350],
          [-0.6234, -0.9791, -1.0910,  ..., -1.2313, -1.4439, -2.0690],
          [-0.7618, -0.6673, -0.8275,  ..., -0.8252, -1.6792, -0.6247]],

         ...,

         [[ 6.3302, -2.0044, -1.8193,  ..., -0.8258, -1.4867, -1.6250],
          [-0.7729, -1.9865, -2.0799,  ..., -1.6186, -1.6558, -1.0282],
          [-1.1781, -1.5567, -1.8812,  ..., -1.4335, -1.6322, -0.6601],
          ...,
          [-1.0139, -1.9353, -2.0197,  ..., -1.3503, -1.4051, -1.4331],
          [-1.6657, -1.3229, -1.2788,  ..., -1.8080, -1.4804, -1.1783],
          [-0.8751, -1.0765, -0.9268,  ..., -0.2113, -0.6730, -0.8701]],

         [[ 7.0095, -0.2540, -1.1325,  ..., -0.0680, -0.5779, -0.5865],
          [ 0.2759, -0.3536, -0.1899,  ..., -0.8193, -0.2717, -0.4602],
          [-0.0773, -0.5290, -0.5733,  ..., -0.4270, -0.3717, -0.4330],
          ...,
          [-0.5027, -0.5510, -0.4282,  ..., -1.0217, -0.7493, -0.7521],
          [-0.3412, -0.9298, -0.4885,  ..., -0.8641, -0.5166, -0.2394],
          [-0.3471,  1.0172, -0.1932,  ..., -0.6448, -0.4862, -0.2353]],

         [[-0.5207, -1.3141, -1.2570,  ..., -0.8098, -0.6656, -0.8114],
          [-0.5849, -1.0029, -1.2531,  ..., -1.2679, -1.1592, -1.4972],
          [-0.2220, -1.2934, -0.9666,  ..., -1.4213, -1.0865, -1.5207],
          ...,
          [-0.6705, -1.3909, -1.2688,  ..., -1.3400, -1.1183, -1.0018],
          [-0.3178, -1.5243, -1.4850,  ..., -1.1842, -1.2229, -1.4069],
          [-0.7911, -0.9309, -1.0735,  ..., -1.2821, -0.9528, -0.9056]]]])