tensor([[[[-0.0832, -0.3987, -0.4059,  ..., -0.3785, -0.3613, -0.2034],
          [-0.0524, -0.4509, -0.5298,  ..., -0.4511, -0.4307, -0.3028],
          [-0.0210, -0.4177, -0.6107,  ..., -0.4829, -0.4072, -0.3465],
          ...,
          [-0.1312, -0.5781, -0.7311,  ..., -0.5309, -0.3986, -0.3323],
          [-0.1197, -0.5001, -0.6251,  ..., -0.4553, -0.3364, -0.2834],
          [-0.1777, -0.3775, -0.4796,  ..., -0.3816, -0.3154, -0.1735]],

         [[ 1.7813,  1.7043,  0.1652,  ..., -0.0504,  0.0279, -0.0117],
          [ 2.3127,  1.5281,  0.1713,  ..., -0.1148, -0.0457, -0.0132],
          [ 4.8336,  4.6104,  3.2610,  ...,  1.1050,  1.0068,  0.5544],
          ...,
          [ 4.0577,  4.4758,  4.1810,  ...,  3.2163,  3.2752,  2.9360],
          [ 3.3839,  3.2405,  3.4247,  ...,  2.9312,  3.0598,  3.0317],
          [ 2.2941,  0.8242,  1.7122,  ...,  0.9598,  0.8410,  1.1724]],

         [[ 0.6991,  2.6442,  1.9619,  ...,  1.3131,  2.0075,  2.0703],
          [-0.0718,  0.7071, -0.0235,  ..., -0.1249, -0.0503,  0.3755],
          [-0.1245, -0.0539, -0.1742,  ..., -0.1475, -0.1191, -0.0066],
          ...,
          [-0.2759, -0.3404, -0.4359,  ..., -0.4471, -0.2748, -0.1334],
          [-0.1798, -0.2333, -0.2352,  ..., -0.2994, -0.1295, -0.0341],
          [-0.1034, -0.1798, -0.1823,  ..., -0.2318, -0.1188, -0.0687]],

         ...,

         [[-0.4350, -0.4390, -0.5719,  ..., -0.1615, -0.1183,  0.2276],
          [-0.4570, -0.6315, -0.7104,  ..., -0.2254, -0.0269,  1.2357],
          [-0.3673, -0.5836, -0.4930,  ..., -0.1829,  0.3603,  0.5102],
          ...,
          [-0.2910, -0.5008, -0.4182,  ..., -0.3368, -0.2016, -0.0381],
          [-0.3683, -0.5803, -0.5456,  ..., -0.5821, -0.3927, -0.1715],
          [-0.2490, -0.2855, -0.2432,  ..., -0.3622, -0.2313, -0.0180]],

         [[-0.3046, -0.4279, -0.6303,  ..., -0.6739, -0.4772, -0.2236],
          [-0.5776, -0.7093, -1.0165,  ..., -1.0662, -0.7435, -0.3409],
          [-0.7427, -1.0344, -1.2924,  ..., -1.4138, -1.0183, -0.4958],
          ...,
          [-0.2904, -0.4576, -0.5456,  ..., -0.6534, -0.5991, -0.3545],
          [-0.2018, -0.2757, -0.4029,  ..., -0.5318, -0.5174, -0.3323],
          [-0.0276, -0.1402, -0.2134,  ..., -0.3097, -0.3212, -0.2562]],

         [[-0.0760,  0.2861,  0.3829,  ..., -0.0189,  0.8849, -0.0050],
          [-0.1283,  1.3020,  2.3746,  ...,  1.6137,  2.9853,  1.0524],
          [-0.0870,  1.6189,  2.3524,  ...,  1.3975,  1.7575,  0.2730],
          ...,
          [ 1.2078,  3.6627,  4.0935,  ...,  1.6307,  1.6746,  0.6425],
          [ 2.4134,  3.9295,  4.1774,  ...,  3.8283,  3.0270,  1.5653],
          [ 1.1609,  0.8447,  0.4924,  ...,  1.1891,  1.2595,  1.1210]]]])