tensor([[[[-2.0975, -2.4364, -2.4685,  ..., -2.7402, -2.3432, -1.0612],
          [-1.3482, -1.4745, -1.1513,  ..., -0.8879, -1.2814, -0.6071],
          [-1.1842, -1.2303, -0.6010,  ..., -0.3606, -1.1041, -0.5448],
          ...,
          [-0.5219, -0.3683, -0.1596,  ..., -0.4295, -0.7681,  0.1751],
          [-0.4879, -0.4938, -0.5671,  ..., -0.8413, -0.7730,  0.1939],
          [-1.3273, -1.5608, -1.2880,  ..., -1.7536, -1.4919, -0.5843]],

         [[ 1.7381, -0.2099, -0.5370,  ..., -0.4757, -0.2988, -0.2406],
          [ 2.0648, -0.7221, -1.3436,  ..., -1.6848, -1.5602, -1.0582],
          [-0.2512, -1.2502, -1.4572,  ..., -2.2987, -2.2487, -1.3099],
          ...,
          [-0.7701, -1.9885, -2.4713,  ..., -3.0515, -2.9828, -2.0643],
          [-0.8894, -2.3562, -3.0354,  ..., -3.3435, -3.1230, -1.9740],
          [-0.3390, -1.2924, -1.9649,  ..., -2.0976, -1.9287, -1.0910]],

         [[-2.6382, -3.7371, -3.3264,  ..., -3.5301, -2.5936, -1.5367],
          [-4.1223, -5.2359, -4.2711,  ..., -4.7715, -3.3474, -1.7169],
          [-3.9995, -5.2027, -4.0411,  ..., -4.3636, -2.9674, -1.8455],
          ...,
          [-4.5815, -5.9680, -4.8879,  ..., -5.6957, -4.4083, -2.6222],
          [-5.2202, -6.1152, -4.7300,  ..., -5.1639, -4.2652, -2.5722],
          [-3.9616, -4.2895, -3.1984,  ..., -3.6023, -3.3139, -2.1283]],

         ...,

         [[-1.1711, -1.1614, -0.6625,  ..., -0.7497, -0.8704, -0.5550],
          [-1.4195, -1.4994, -0.9231,  ..., -1.2752, -1.5207, -1.1744],
          [-1.0859, -1.0107, -0.3741,  ..., -0.8343, -1.3285, -0.9934],
          ...,
          [-0.6692, -0.4455,  1.3722,  ..., -0.5721, -0.9690, -0.6981],
          [-0.9752, -0.9721, -0.6239,  ..., -1.3046, -1.4935, -0.9618],
          [-0.5459, -0.4526, -0.2563,  ..., -0.7794, -0.8390, -0.4766]],

         [[-0.7238, -1.0308, -0.6591,  ..., -1.3592, -1.1294, -0.7243],
          [-1.2109, -2.0862, -1.4383,  ..., -2.4376, -2.4921, -1.4932],
          [-0.6945, -1.1388, -0.2377,  ..., -1.7542, -2.0267, -1.2517],
          ...,
          [-1.2811, -1.9648, -1.1661,  ..., -2.6815, -2.8955, -1.8945],
          [-1.8209, -2.8329, -2.0757,  ..., -3.2932, -3.5512, -2.3451],
          [-1.1871, -1.7289, -1.2211,  ..., -2.4709, -2.6181, -1.6158]],

         [[-0.3788, -1.7616, -1.5579,  ..., -0.8797, -1.0694, -1.0110],
          [-1.5455, -3.8853, -3.4887,  ..., -2.3801, -2.5465, -2.3698],
          [-1.8336, -3.8137, -3.1984,  ..., -1.9636, -2.1005, -2.1464],
          ...,
          [-1.4205, -3.3390, -2.6253,  ..., -1.9036, -2.0080, -2.0416],
          [-1.0622, -2.8241, -2.2840,  ..., -1.8521, -1.7559, -1.8836],
          [-1.4261, -2.6714, -2.3082,  ..., -2.0849, -1.7236, -1.5597]]]])