tensor([[[[ 1.0783e-01,  8.1964e-01,  1.1470e+00,  ...,  1.1502e+00,
            7.6613e-01,  1.8885e-01],
          [-1.4051e+00, -4.3036e-01,  3.1504e-01,  ...,  9.2016e-01,
            4.3932e-01, -5.4614e-02],
          [-1.7192e+00, -5.8059e-01,  5.0687e-01,  ...,  1.0785e+00,
            5.4313e-01, -7.0046e-02],
          ...,
          [-1.2114e+00, -4.0634e-01,  6.4400e-01,  ...,  3.2573e-01,
            7.5896e-02,  4.8656e-01],
          [-1.3379e+00, -8.2328e-01,  4.6888e-01,  ...,  2.8603e-01,
            1.0097e-01,  1.7190e-01],
          [-1.3153e+00, -9.0545e-01,  1.6359e-01,  ...,  2.4469e-01,
           -1.2283e-01,  1.8552e-01]],

         [[-7.4455e-02, -5.1692e-01, -1.4820e-02,  ..., -5.1431e-01,
           -8.2976e-01, -4.5539e-01],
          [ 4.2267e-01, -4.9231e-02,  5.8821e-01,  ..., -1.4733e-01,
           -5.6380e-01, -3.6269e-01],
          [-8.7597e-02, -1.8741e-01,  6.0079e-01,  ...,  3.6347e-01,
            4.5519e-01,  7.8371e-02],
          ...,
          [ 6.6224e-01,  9.5421e-01,  1.8545e+00,  ...,  1.0946e+00,
            1.0707e+00,  3.0373e-01],
          [ 8.0628e-01,  1.0560e+00,  1.4921e+00,  ...,  1.2352e+00,
            1.0980e+00,  4.4713e-01],
          [ 4.7441e-01,  6.1557e-01,  8.3787e-01,  ...,  6.3758e-01,
            5.5016e-01,  1.0536e-01]],

         [[-7.7876e-01, -8.8043e-02, -2.6386e-01,  ..., -2.4006e-01,
           -2.7590e-01, -8.5089e-02],
          [-1.2105e+00, -1.5684e-02,  2.2616e-01,  ...,  2.7767e-01,
           -5.3036e-01, -6.3991e-01],
          [-1.4363e+00, -4.7196e-01, -1.1840e-01,  ...,  2.8108e-01,
           -7.5320e-01, -7.1380e-01],
          ...,
          [-1.9418e+00, -1.3757e+00, -9.2506e-01,  ..., -5.6588e-01,
           -6.5637e-01, -4.8971e-01],
          [-1.5313e+00, -8.8811e-01, -6.7264e-01,  ..., -5.0980e-02,
           -1.2789e-01, -3.1022e-01],
          [-7.6918e-01,  1.1352e-02,  1.2794e-01,  ...,  3.2737e-01,
            3.1380e-01, -4.5564e-01]],

         ...,

         [[ 6.2519e+00,  1.1383e+01,  1.2429e+01,  ...,  1.2330e+01,
            1.1054e+01,  7.3168e+00],
          [ 1.0564e+01,  1.7123e+01,  2.0377e+01,  ...,  1.8095e+01,
            1.6357e+01,  1.0974e+01],
          [ 1.1289e+01,  1.9686e+01,  2.4305e+01,  ...,  1.9825e+01,
            1.7465e+01,  1.1261e+01],
          ...,
          [ 1.2818e+01,  2.1923e+01,  2.6900e+01,  ...,  2.2006e+01,
            1.7553e+01,  9.8704e+00],
          [ 8.9860e+00,  1.6069e+01,  2.0313e+01,  ...,  1.7396e+01,
            1.3435e+01,  7.9181e+00],
          [ 6.1223e+00,  9.2798e+00,  1.1511e+01,  ...,  1.0133e+01,
            7.5003e+00,  4.2796e+00]],

         [[-1.5161e+00, -3.8020e+00, -3.7820e+00,  ..., -2.1988e+00,
           -2.0128e+00, -1.7031e+00],
          [-3.3059e+00, -5.6012e+00, -5.6922e+00,  ..., -4.5623e+00,
           -3.7285e+00, -2.6121e+00],
          [-1.8784e+00, -4.4177e+00, -4.8191e+00,  ..., -3.3673e+00,
           -1.6039e+00, -1.3250e+00],
          ...,
          [-3.0663e+00, -5.4871e+00, -6.3382e+00,  ..., -4.3377e+00,
           -2.8130e+00, -2.2483e+00],
          [-2.3967e+00, -4.5385e+00, -4.9054e+00,  ..., -4.4389e+00,
           -3.7887e+00, -2.3743e+00],
          [-1.3701e+00, -3.6330e+00, -3.5506e+00,  ..., -3.8142e+00,
           -3.0486e+00, -1.7796e+00]],

         [[ 1.9191e+00,  1.9540e+00,  3.3698e+00,  ...,  2.1531e+00,
            8.0944e-01,  1.1789e+00],
          [ 1.4865e+00,  1.5890e+00,  3.6652e+00,  ...,  2.6216e+00,
            1.3234e+00,  1.0937e+00],
          [ 2.9858e+00,  3.8026e+00,  6.6364e+00,  ...,  6.0252e+00,
            3.6810e+00,  1.7157e+00],
          ...,
          [ 3.7741e+00,  6.2188e+00,  1.1332e+01,  ...,  9.6086e+00,
            7.1254e+00,  4.4953e+00],
          [ 3.0299e+00,  5.3087e+00,  8.5248e+00,  ...,  7.2249e+00,
            6.4901e+00,  5.0272e+00],
          [ 1.1451e+00,  3.5356e+00,  5.1551e+00,  ...,  3.6298e+00,
            3.4607e+00,  3.6476e+00]]]])