tensor([[[[ 3.3976e+00,  2.2551e+00,  1.5447e+00,  ...,  6.2687e+00,
            1.3374e+00,  1.9813e+00],
          [ 2.8281e-01,  3.8578e+00,  4.4438e+00,  ...,  4.0749e+00,
            2.9473e+00,  2.1602e+00],
          [-5.4470e-01,  2.2062e+00,  5.1225e+00,  ...,  3.4755e+00,
            4.0435e+00,  1.1438e+00],
          ...,
          [ 3.0591e-01,  2.9374e+00,  3.0035e+00,  ...,  2.6718e+00,
            3.1540e+00, -7.8007e-02],
          [-1.0188e-01,  4.1508e+00,  5.1024e+00,  ...,  2.5031e+00,
            3.8053e+00,  8.7302e-01],
          [-1.1884e-01,  3.3597e+00,  3.3080e+00,  ...,  9.3348e-01,
            5.4133e+00,  2.3745e+00]],

         [[-4.5281e-03, -4.1395e-02, -2.0136e-01,  ..., -1.7578e-01,
           -2.1610e-01, -1.7485e-01],
          [-2.3962e-01, -1.7422e-01, -2.9160e-01,  ..., -3.9334e-01,
           -5.7226e-02, -2.4409e-01],
          [ 1.4063e+00, -3.6006e-01, -4.5340e-01,  ..., -4.0349e-01,
           -2.6072e-01, -4.0485e-01],
          ...,
          [-2.5719e-01, -8.2364e-02, -2.2662e-01,  ..., -6.4677e-01,
           -3.7616e-01,  3.4106e-01],
          [-1.4084e-02, -1.6795e-01, -3.5471e-01,  ..., -5.5214e-01,
           -3.7445e-01, -3.7117e-01],
          [-1.0830e-01, -8.6499e-02, -3.3565e-01,  ..., -4.8315e-01,
           -2.3772e-01, -2.0345e-01]],

         [[-6.1647e-01, -1.3037e+00, -8.5466e-01,  ..., -5.0085e-01,
           -7.4944e-01, -8.6877e-01],
          [-4.3563e-01, -5.6053e-01, -2.5702e-01,  ..., -7.5401e-01,
           -4.4559e-01, -1.0660e+00],
          [-1.0129e+00, -3.9271e-01, -2.3861e-01,  ..., -2.0864e-01,
           -1.0867e-01, -1.1059e+00],
          ...,
          [-1.8390e-01, -7.0566e-01, -4.4774e-01,  ..., -5.5749e-01,
           -4.4077e-01, -6.3327e-01],
          [-7.5489e-01, -6.0144e-01, -2.9599e-01,  ..., -8.5284e-01,
           -4.8434e-01, -9.6371e-01],
          [ 1.7075e+00, -1.2394e-03, -1.7305e-01,  ..., -4.1608e-01,
           -3.3601e-01, -1.8723e-03]],

         ...,

         [[-5.6848e-02, -1.6150e-01, -9.8543e-01,  ..., -9.1787e-01,
           -5.7902e-01, -5.7556e-01],
          [-2.2611e-01, -5.6102e-02,  4.0556e+00,  ..., -4.7000e-02,
            4.3223e-01, -4.1870e-01],
          [ 3.7674e+00, -2.4585e-01, -5.2714e-02,  ...,  2.3812e-01,
            6.6694e-01,  7.5426e+00],
          ...,
          [ 3.2811e+00,  2.9034e+00,  4.5295e+00,  ..., -3.8799e-01,
           -2.6634e-01, -3.4436e-01],
          [-7.0433e-02, -1.7362e-01, -2.3984e-01,  ..., -1.7323e-02,
           -2.6492e-01, -5.2005e-02],
          [ 8.0196e+00,  3.5904e+00,  9.2711e+00,  ...,  1.0958e+01,
            1.2593e+01,  2.8282e+00]],

         [[-9.5090e-01, -1.4498e+00, -1.1444e+00,  ..., -1.5097e+00,
           -1.6155e+00, -1.3341e+00],
          [-1.3158e+00, -1.7123e+00, -1.5095e+00,  ..., -1.2247e+00,
           -1.3528e+00, -1.2900e+00],
          [-1.7131e+00, -9.7245e-01, -1.2155e+00,  ..., -1.5481e+00,
           -1.5998e+00, -1.4245e+00],
          ...,
          [-1.7214e+00, -1.8982e+00, -1.8529e+00,  ..., -1.8557e+00,
           -1.7573e+00, -1.1954e+00],
          [-1.4297e+00, -1.4774e+00, -1.5678e+00,  ..., -1.4398e+00,
           -1.7280e+00, -1.3119e+00],
          [-7.8160e-01, -1.4389e+00, -1.4290e+00,  ..., -1.2654e+00,
           -1.3927e+00, -1.1480e+00]],

         [[ 8.6635e+00,  4.4316e+00,  3.7875e+00,  ...,  1.7657e+00,
            5.3601e+00,  7.7806e+00],
          [ 1.1299e+01,  3.2471e+00,  1.5559e+00,  ...,  4.9801e+00,
            5.5696e+00,  8.7227e+00],
          [ 1.5130e+01,  2.8297e+00,  4.6842e+00,  ..., -7.4514e-02,
            1.7021e-01,  5.3080e+00],
          ...,
          [ 6.1052e+00,  4.4053e+00,  3.9102e+00,  ...,  1.9846e+00,
            8.3168e-01,  9.4905e+00],
          [ 1.0868e+01,  2.1528e+00,  3.6130e+00,  ...,  2.6465e+00,
            1.9590e+00,  6.1384e+00],
          [ 9.8900e+00,  4.5792e+00,  3.2894e+00,  ...,  4.2828e+00,
            5.1757e+00,  5.0296e+00]]]])