tensor([[[[ 5.9011e+00,  7.0246e+00,  8.7454e+00,  ...,  2.5978e+00,
            3.8688e+00,  7.0282e+00],
          [ 6.8756e+00,  1.3898e+01,  4.0693e+00,  ...,  8.1710e+00,
            8.0406e+00,  1.8168e+01],
          [ 5.5518e+00,  8.1525e+00,  7.5434e+00,  ...,  7.2312e+00,
            7.4249e+00,  7.1251e+00],
          ...,
          [ 1.0384e+01,  1.5304e+01,  1.3229e+01,  ...,  9.8849e+00,
            6.5216e+00,  5.7452e+00],
          [ 1.6882e+01,  7.7901e+00,  5.7644e+00,  ...,  9.6928e+00,
            6.8925e+00,  3.0404e+00],
          [ 4.2626e+00,  4.7211e+00,  5.7700e+00,  ...,  2.8974e+00,
            8.5292e+00,  6.7298e+00]],

         [[-1.1306e+00,  8.1571e+00, -4.2447e-01,  ..., -2.5536e-01,
           -3.6800e-01, -1.2169e+00],
          [-6.7112e-01, -8.2090e-01, -4.9273e-01,  ..., -1.0150e+00,
           -3.6422e-01, -1.0687e+00],
          [-5.7650e-01, -1.0952e+00, -8.0758e-01,  ..., -1.0037e+00,
           -1.2177e+00, -9.9908e-01],
          ...,
          [-2.7297e-01,  3.5389e-01, -6.6179e-01,  ..., -6.5116e-01,
           -5.6073e-01, -9.4870e-01],
          [-1.5667e+00, -6.7567e-01, -5.8677e-01,  ..., -1.0545e+00,
           -1.0943e+00, -6.4151e-01],
          [-7.8606e-01,  3.4811e-01, -8.9027e-01,  ..., -7.3291e-01,
           -8.1843e-01, -8.3532e-01]],

         [[-1.2018e-01, -8.8103e-03,  2.7520e+00,  ...,  1.4016e+00,
            3.1142e+00,  2.6783e+00],
          [ 1.1430e+00,  2.6332e+00,  3.1415e+00,  ...,  5.3355e+00,
            8.5205e+00,  6.2132e-01],
          [-6.1447e-02,  2.4518e+00,  2.0178e+00,  ...,  2.4452e+00,
            7.4566e+00,  2.3851e+00],
          ...,
          [ 5.0371e-01,  4.7032e-01,  5.5782e-01,  ...,  2.4393e+00,
            3.3419e+00,  2.5456e+00],
          [ 1.7146e+00,  8.2704e+00,  5.6158e+00,  ...,  3.4419e+00,
            3.5173e+00,  3.4836e+00],
          [ 2.4225e+00,  7.1571e+00,  8.9042e+00,  ...,  4.2583e+00,
            1.1845e-01, -1.8591e-02]],

         ...,

         [[ 3.4329e+01,  7.9890e+00,  3.9737e+01,  ...,  2.0428e+01,
            3.3362e+01,  1.5587e+01],
          [ 4.1512e+01,  4.6070e+01,  7.0383e+01,  ...,  8.3585e+01,
            3.0657e+01,  2.4110e+01],
          [ 6.9941e+01,  3.9591e+01,  1.5112e+01,  ...,  5.2750e+01,
            6.1317e+01,  3.1871e+01],
          ...,
          [ 1.8077e+01,  1.9287e+01,  8.7980e+00,  ...,  5.0059e+01,
            2.8057e+01,  1.9507e+01],
          [ 5.0339e+01,  4.8432e+01,  5.4235e+01,  ...,  6.3451e+01,
            4.2668e+01,  3.5355e+01],
          [ 6.2161e+01, -2.3337e-01,  3.4269e+01,  ...,  6.5647e-01,
            4.5370e+01,  4.9211e+01]],

         [[ 1.1290e+01,  6.0443e+01,  2.4302e+01,  ...,  2.7114e+01,
            2.8047e+01, -4.1536e-01],
          [ 4.5727e+01, -3.1449e-01,  2.3472e+00,  ...,  1.3667e+01,
            8.2179e+00, -1.1642e-01],
          [ 8.2364e+00,  9.2474e+00,  5.2497e+01,  ...,  2.4034e+01,
           -1.7756e+00,  3.7941e+01],
          ...,
          [-9.3027e-01,  2.5848e+01, -1.7596e+00,  ...,  2.1041e+01,
            2.4475e+01,  4.4126e+01],
          [ 5.8242e+01,  7.2977e+01,  5.8301e+01,  ...,  2.1553e+01,
            2.7102e+01,  2.1578e+00],
          [ 3.1371e+01,  2.8317e+01,  1.8488e+00,  ...,  5.1957e+01,
            3.5341e+01, -1.9317e-01]],

         [[ 9.1195e+00,  9.3893e+00,  4.0306e+00,  ...,  5.6601e+00,
            5.3829e+00,  8.9088e+00],
          [ 5.5832e+00,  3.3789e-02,  4.3601e+00,  ..., -1.4358e-02,
            4.1508e+00,  1.5884e+01],
          [ 6.0858e+00,  7.9051e+00,  7.6946e+00,  ...,  5.0608e+00,
            4.3944e-01,  4.2808e+00],
          ...,
          [ 1.6538e+01,  5.4279e+00,  9.2883e+00,  ...,  6.6158e+00,
            1.2567e+01,  1.8923e+01],
          [ 1.3218e+01, -1.4594e-01,  5.1659e+00,  ...,  7.8199e+00,
            6.8594e+00, -1.8617e-02],
          [ 3.6895e+00,  3.7177e+00, -6.8548e-01,  ...,  4.3718e+00,
            4.4934e+00,  4.0967e+00]]]])