tensor([[[[ 2.2992e+01,  1.0822e+01,  2.3269e+01,  ...,  1.9079e+01,
            2.9956e+00,  2.1225e-01],
          [ 2.1167e+01,  4.3421e+00,  1.0217e+01,  ...,  7.6848e+00,
            1.5394e+01,  7.6283e+00],
          [ 1.6145e+01,  5.0911e+00,  8.9043e+00,  ...,  1.2318e+01,
            2.1665e+01, -1.9425e-01],
          ...,
          [ 1.0834e+01,  1.7959e+01,  1.7732e+00,  ...,  2.3303e+01,
            1.2130e+01, -4.6666e-01],
          [ 1.6767e+01,  1.4962e+01,  1.7600e+00,  ...,  1.3795e+01,
            1.3751e+01,  1.6213e+01],
          [ 2.3434e+01,  8.3172e+00,  1.6446e+00,  ...,  9.6376e+00,
           -1.7371e-01,  1.4791e+01]],

         [[-2.7383e-03, -4.4057e-02, -7.2691e-02,  ...,  2.4947e-01,
           -1.4563e-01, -9.6033e-02],
          [ 1.5369e+00, -5.2117e-01, -3.6636e-01,  ..., -4.2441e-01,
           -5.6596e-01, -1.9438e-01],
          [ 4.3177e+00, -7.6533e-01, -5.1015e-01,  ..., -1.2002e-01,
           -6.6398e-01, -6.5930e-01],
          ...,
          [-1.6099e-02,  7.7943e-01, -2.5614e-01,  ..., -5.8133e-01,
           -3.2478e-01, -1.1239e+00],
          [-5.3281e-02, -1.1338e+00, -1.2529e-01,  ..., -1.5982e+00,
           -1.2761e+00, -1.0167e+00],
          [ 5.7728e-01,  5.0836e-01, -1.0015e-01,  ..., -8.3518e-01,
           -8.9267e-02, -5.3226e-01]],

         [[ 3.9551e+01,  2.6332e+01, -3.0910e+00,  ..., -1.9721e+00,
           -7.7458e-01,  1.5118e+01],
          [ 7.6560e+00, -4.6526e+00, -2.1727e+00,  ..., -2.4245e+00,
           -1.8770e+00, -1.8806e+00],
          [-3.7540e+00, -3.4638e+00, -3.8458e+00,  ..., -2.6204e+00,
           -2.8548e+00, -4.1599e+00],
          ...,
          [-7.9288e-01, -7.6455e-01, -2.0788e+00,  ..., -3.6281e+00,
           -2.9889e+00, -3.8089e+00],
          [-8.8300e-01, -3.7866e+00, -3.0106e+00,  ..., -1.9704e+00,
           -4.4669e+00, -3.0851e+00],
          [-5.4260e+00, -3.2791e+00, -2.8764e+00,  ..., -1.8958e+00,
           -4.3747e+00, -2.7783e+00]],

         ...,

         [[-4.2796e+00, -3.3259e+00, -1.4146e+00,  ..., -3.9727e+00,
           -3.7995e+00, -2.2084e+00],
          [-2.5944e+00, -4.0420e+00, -2.8886e+00,  ..., -1.4731e+00,
           -2.4744e+00, -2.1490e+00],
          [-2.2059e+00, -9.5627e-01, -5.1380e-01,  ..., -1.5974e+00,
           -3.4642e+00, -1.7967e+00],
          ...,
          [-2.3635e+00, -1.0442e+00, -2.6872e+00,  ..., -3.8625e+00,
           -2.7910e+00, -3.0505e+00],
          [-2.6721e+00, -3.4333e+00, -2.2043e+00,  ..., -3.5057e+00,
           -2.8049e+00, -1.9613e+00],
          [-3.8519e+00, -2.8781e+00, -2.9436e+00,  ..., -3.4846e+00,
           -4.5142e+00, -1.6424e+00]],

         [[-4.6684e+00, -7.8687e-01, -3.1089e+00,  ..., -1.9664e+00,
           -3.6776e-01, -1.5639e+00],
          [-6.6123e+00, -3.6572e+00, -3.5614e+00,  ..., -3.8743e+00,
           -3.6813e+00, -3.4784e+00],
          [-2.8089e+00, -5.0221e+00, -2.8693e+00,  ..., -3.7843e+00,
           -1.6810e+00, -1.3345e+00],
          ...,
          [-5.0781e+00, -2.6146e+00, -3.2791e+00,  ..., -3.9681e+00,
           -2.4538e+00, -5.1324e+00],
          [-8.2384e+00, -4.8529e+00, -2.6587e+00,  ..., -4.7704e+00,
           -3.9623e+00, -2.7526e+00],
          [-4.3644e+00, -1.8837e+00, -2.5923e+00,  ..., -3.8998e+00,
           -3.7753e+00, -1.9966e+00]],

         [[ 3.2086e+01,  2.2510e+00,  6.5668e+01,  ..., -1.4755e-01,
            2.1484e+01,  2.5102e+00],
          [ 3.4248e+01,  1.6135e+01,  5.7750e+01,  ...,  5.1949e+01,
            4.6385e+01, -1.5525e-01],
          [ 2.8630e+01,  3.4909e+01,  4.3705e+01,  ...,  3.0353e+01,
            4.1151e+01,  3.8559e+01],
          ...,
          [ 2.8940e+01,  5.6159e+01,  2.7418e+01,  ...,  1.4673e+01,
            3.4688e+01,  3.2700e+01],
          [ 2.5924e+01, -3.1417e-01,  3.4989e+01,  ...,  3.9571e+01,
            8.7053e+00,  6.8989e+01],
          [ 4.4665e+01,  3.1865e+01,  2.6384e+01,  ...,  4.0895e+01,
            3.1729e+01,  1.1657e+01]]]])