tensor([[[[-0.7554, -1.0432, -0.8890,  ..., -0.7894, -0.8413, -0.2673],
          [-0.4746, -0.8604, -0.8061,  ..., -0.7668, -0.7922, -0.2445],
          [-0.8190, -1.0573, -0.8859,  ..., -0.8439, -0.9664, -0.4674],
          ...,
          [-0.7818, -1.1244, -0.8972,  ..., -0.8547, -0.8854, -0.3682],
          [-0.8524, -1.1541, -1.1236,  ..., -1.1725, -1.1970, -0.6686],
          [-0.6272, -0.9006, -1.0571,  ..., -0.9805, -0.8598, -0.4987]],

         [[-0.6015, -0.3787, -0.2715,  ..., -0.2924, -0.4012, -0.7433],
          [-0.5981, -0.3362, -0.3247,  ..., -0.2977, -0.3686, -0.6693],
          [-0.4457, -0.0520, -0.0563,  ..., -0.0820, -0.0703, -0.4056],
          ...,
          [-0.4159, -0.0629, -0.0495,  ..., -0.0610, -0.0744, -0.5635],
          [-0.4613, -0.2264, -0.2011,  ..., -0.2065, -0.1914, -0.5230],
          [-0.2345, -0.1222, -0.2322,  ..., -0.2695, -0.2051, -0.3911]],

         [[-0.3787, -0.8328, -0.6176,  ..., -0.5847, -0.6494, -0.4086],
          [-0.1777, -0.7967, -0.5549,  ..., -0.5753, -0.6811, -0.3854],
          [-0.1604, -0.7552, -0.5423,  ..., -0.5031, -0.6046, -0.2998],
          ...,
          [-0.1183, -0.7426, -0.5351,  ..., -0.5231, -0.6143, -0.2140],
          [-0.1303, -0.7186, -0.4878,  ..., -0.4634, -0.5352, -0.2685],
          [ 2.3548,  0.6521,  1.3618,  ...,  1.8942,  0.7731,  1.2784]],

         ...,

         [[-1.0819, -0.6925, -0.3984,  ..., -0.5045, -0.8217, -0.3454],
          [-1.3886, -1.0412, -0.8109,  ..., -0.8168, -1.2615, -0.5384],
          [-1.2523, -0.7492, -0.5624,  ..., -0.4943, -0.9459, -0.4273],
          ...,
          [-1.4088, -0.8210, -0.4423,  ..., -0.4885, -1.1573, -0.5104],
          [-1.5360, -1.2775, -0.8234,  ..., -0.8988, -1.5665, -0.7165],
          [-1.4877, -1.4454, -1.0357,  ..., -1.1064, -1.4033, -0.5904]],

         [[-0.5225, -0.6291, -0.6753,  ..., -0.6633, -0.6832, -0.4417],
          [-0.2155, -0.0028, -0.1969,  ..., -0.2535, -0.1821, -0.0366],
          [-0.2102,  0.2158, -0.2821,  ..., -0.2638, -0.2043, -0.1184],
          ...,
          [-0.1359, -0.0459, -0.3539,  ..., -0.2690, -0.1555, -0.0825],
          [-0.3102, -0.2849, -0.5627,  ..., -0.5533, -0.3610, -0.2361],
          [-0.1563, -0.0026, -0.2788,  ..., -0.2503, -0.1777, -0.1067]],

         [[-0.4153, -0.7755, -0.7174,  ..., -0.7608, -0.6504, -0.4986],
          [-0.7001, -0.8416, -0.8464,  ..., -0.9069, -0.8770, -0.6354],
          [-0.4651, -0.6316, -0.6723,  ..., -0.7443, -0.6069, -0.2866],
          ...,
          [-0.6160, -0.7324, -0.7219,  ..., -0.7430, -0.5377, -0.3058],
          [-0.3147, -0.1740, -0.2218,  ..., -0.3208, -0.2132, -0.0965],
          [-0.5595, -0.4473, -0.4451,  ..., -0.3334, -0.4199, -0.2028]]]])