tensor([[[[-0.3520, -0.6702, -0.6702,  ..., -0.7776, -0.1750,  0.0000],
          [-0.3520, -0.6702, -0.6702,  ..., -0.7858, -0.2015,  0.0000],
          [-0.5938, -0.8663, -0.8663,  ..., -0.8334, -0.4308,  0.0000],
          ...,
          [-0.6672, -0.9440, -0.8725,  ..., -0.7987, -0.4117,  0.0000],
          [-0.6805, -0.6805, -0.8079,  ..., -0.9146, -0.4701,  0.0000],
          [ 0.0000,  0.0000,  0.0000,  ...,  0.0000,  0.0000,  0.0000]],

         [[-0.4505, -0.3352, -0.3065,  ..., -0.2614, -0.2614,  0.0000],
          [-0.0041, -0.0041, -0.0696,  ..., -0.0593, -0.0593,  0.0000],
          [-0.0041, -0.0041, -0.0485,  ...,  0.1759,  0.1759,  0.0000],
          ...,
          [-0.1094, -0.0523, -0.0523,  ...,  0.2940,  0.2940,  0.0000],
          [-0.0768, -0.0768, -0.1926,  ..., -0.1000, -0.1000,  0.0000],
          [ 0.0000,  0.0000,  0.0000,  ...,  0.0000,  0.0000,  0.0000]],

         [[-0.2109, -0.5695, -0.5695,  ..., -0.6084, -0.2630,  0.0000],
          [-0.0895, -0.5433, -0.5289,  ..., -0.5360, -0.2492,  0.0000],
          [-0.0895, -0.5433, -0.5289,  ..., -0.4854, -0.2308,  0.0000],
          ...,
          [-0.0944, -0.5162, -0.4738,  ..., -0.4710, -0.2217,  0.0000],
          [ 2.6778,  0.8646,  1.1330,  ...,  1.2972,  2.0479,  2.0479],
          [ 2.6778,  0.8646,  1.1330,  ...,  1.2972,  2.0479,  2.0479]],

         ...,

         [[-0.5659, -0.3301, -0.3301,  ..., -0.4138, -0.2519,  0.0000],
          [-0.7767, -0.6165, -0.6165,  ..., -0.5457, -0.4467,  0.0000],
          [-0.7767, -0.5938, -0.5938,  ..., -0.5043, -0.4855,  0.0000],
          ...,
          [-0.9212, -0.6516, -0.6516,  ..., -0.6246, -0.5271,  0.0000],
          [-1.2239, -0.9249, -0.9249,  ..., -0.7831, -0.5769,  0.0000],
          [ 0.0000,  0.0000,  0.0000,  ...,  0.0000,  0.0000,  0.0000]],

         [[-0.0065, -0.0065, -0.2986,  ..., -0.2635, -0.2421,  0.0000],
          [-0.0065, -0.0065, -0.2986,  ..., -0.2635, -0.2421,  0.0000],
          [-0.0159, -0.0159, -0.2825,  ..., -0.2433, -0.2362,  0.0000],
          ...,
          [-0.0902, -0.0902, -0.3719,  ..., -0.2067, -0.1325,  0.0000],
          [-0.0137, -0.0137, -0.2219,  ..., -0.1674, -0.1674,  0.0000],
          [ 0.0000,  0.0000,  0.0000,  ...,  0.0000,  0.0000,  0.0000]],

         [[-0.4140, -0.5599, -0.5377,  ..., -0.4929, -0.4377,  0.0000],
          [-0.5477, -0.6366, -0.7334,  ..., -0.5829, -0.3094,  0.0000],
          [-0.4574, -0.6366, -0.7423,  ..., -0.5242, -0.3094,  0.0000],
          ...,
          [-0.3505, -0.2784, -0.2638,  ..., -0.1989,  0.2367,  0.2367],
          [-0.3505, -0.2784, -0.2638,  ..., -0.1989,  0.2367,  0.2367],
          [ 0.0000,  0.0000,  0.0000,  ...,  0.0000,  0.0000,  0.0000]]]])