tensor([-1.5341, -0.6247, -0.5879, -1.6718, -1.0298, -1.8962, -1.8552, -1.3790,
        -1.2372, -2.7213, -1.8866, -1.9830, -1.8319, -3.7485, -1.6093, -0.7165,
        -0.6404, -0.9161, -1.2499, -0.9095, -0.0198, -2.2324, -5.5952, -1.8176,
        -1.5851, -2.1895, -1.9544, -2.8908, -0.7686, -0.9449, -1.8904, -1.1898,
        -1.3765, -1.8095, -1.8144, -1.0883, -2.7258, -1.4427, -1.7714, -1.1059,
        -1.8858, -0.8861, -1.8105, -0.9132, -1.5204, -1.2335, -1.7774, -0.5687,
        -1.6227, -0.8643, -1.6026, -2.7286, -1.2164, -1.0535, -1.1575, -2.1528,
        -1.4355, -1.2620, -2.6039, -2.2916, -1.6062, -4.6485, -3.0710, -1.0342,
        -0.3139, -2.2779, -0.9994, -2.8510, -1.5337, -2.1583, -3.4344, -1.0593,
        -0.6774, -1.1734, -0.9179, -0.8519, -1.4259, -0.3616, -1.4404,  0.1856,
        -1.1381, -1.5939, -1.2393, -1.2645, -2.1613, -1.6510, -3.1487, -5.2661,
        -1.4448, -2.3811, -2.7878, -1.1730, -0.7737, -0.2253, -1.6033, -1.4465,
        -1.1769, -2.0894, -0.5414,  0.0556, -1.4870, -1.0746, -1.6976, -0.6500,
        -0.9916, -1.6057, -1.0160, -1.6888, -1.0321, -2.6274, -1.1319, -1.6509,
        -0.4079, -2.0450, -1.3175,  0.4283, -1.4844, -2.8663, -1.9431, -1.6315,
        -0.6863, -1.3247, -0.8541, -0.1640, -2.2984, -1.2634, -2.1263, -0.6996])