tensor([[[[-2.9968e-01,  4.5377e+00,  6.1096e-01,  ...,  3.9134e+00,
            1.7113e+00,  1.0318e+00],
          [-3.9505e-01,  4.1271e+00,  3.3417e+00,  ...,  1.5247e+00,
            2.4089e+00,  4.6931e+00],
          [ 8.7671e-01,  2.2457e+00,  1.5730e+00,  ...,  1.3918e+00,
            3.0978e+00,  3.4251e+00],
          ...,
          [-1.7059e-01,  4.3452e+00,  3.1941e+00,  ...,  1.7699e+00,
            6.0963e+00,  2.6633e+00],
          [-2.1289e-01,  1.8344e+00,  3.0797e+00,  ...,  3.1989e+00,
            1.5289e+00,  2.5581e+00],
          [-2.4510e-01,  1.5206e+00,  1.1307e+00,  ...,  2.7564e+00,
            2.8714e+00,  2.0904e+00]],

         [[-4.1313e-02,  4.0321e-01, -3.2914e-01,  ..., -2.7023e-01,
           -1.3288e-01, -1.5479e-01],
          [-4.5569e-01, -4.6298e-01, -2.1156e-01,  ..., -1.5195e-01,
           -3.1573e-02, -1.8384e-01],
          [-1.2440e-01, -8.3228e-02, -4.5356e-01,  ..., -1.8585e-01,
           -3.7579e-01,  3.8371e+00],
          ...,
          [-3.5253e-01, -3.7571e-01, -3.3120e-01,  ..., -6.8037e-01,
           -2.5683e-01, -3.0237e-01],
          [-1.4700e-01, -4.4732e-01, -3.3158e-01,  ..., -3.5552e-01,
           -3.2222e-01, -3.5991e-01],
          [-1.6214e-01, -5.1021e-01, -2.7747e-01,  ..., -3.5440e-01,
           -3.7401e-01, -4.4204e-01]],

         [[-8.0932e-01, -1.0096e+00, -3.6600e-01,  ..., -4.5981e-01,
           -7.4456e-01, -1.4060e+00],
          [-3.4918e-01, -5.9068e-01, -4.5877e-01,  ..., -5.0128e-01,
           -4.6988e-01, -8.3239e-01],
          [-3.3744e-01, -5.2036e-01, -5.5471e-01,  ..., -6.2088e-01,
           -3.3613e-01, -9.8546e-01],
          ...,
          [-4.2011e-01, -4.2416e-01, -7.2556e-01,  ..., -7.0492e-01,
           -6.2673e-01, -9.5469e-01],
          [-4.4081e-01, -4.0758e-01, -5.6837e-01,  ..., -4.0661e-01,
           -9.7864e-01, -8.3389e-01],
          [-9.1130e-03, -1.3944e-01, -1.0920e-01,  ..., -4.9382e-02,
            6.9958e-02, -3.5884e-02]],

         ...,

         [[-3.9498e-01, -5.6386e-01, -8.3987e-01,  ..., -1.1091e+00,
           -9.8755e-01, -4.0810e-01],
          [ 1.3013e+00,  2.8220e-01, -3.8229e-01,  ..., -6.5759e-01,
           -1.1562e-02,  8.6322e-01],
          [-2.8130e-01, -3.3748e-01,  2.9395e-01,  ...,  3.6297e+00,
            1.5489e+00,  5.8942e+00],
          ...,
          [-2.1197e-01, -2.0688e-01,  1.2116e+00,  ...,  1.2515e+00,
           -3.0583e-01, -1.3667e-01],
          [-2.7462e-01, -2.1931e-01,  5.0266e+00,  ...,  1.5205e-01,
           -9.9672e-02,  9.3587e-01],
          [ 1.0938e+01,  5.8857e+00,  5.2099e+00,  ...,  7.4082e+00,
            8.8323e+00, -7.8789e-02]],

         [[-1.0373e+00, -1.2711e+00, -1.2199e+00,  ..., -8.3567e-01,
           -1.0208e+00, -1.3038e+00],
          [-1.6910e+00, -1.3600e+00, -1.7626e+00,  ..., -1.7781e+00,
           -1.3442e+00, -1.3158e+00],
          [-1.3748e+00, -1.7553e+00, -1.7434e+00,  ..., -2.0402e+00,
           -1.5852e+00, -1.5966e+00],
          ...,
          [-1.7171e+00, -1.6347e+00, -1.9926e+00,  ..., -1.5061e+00,
           -1.6163e+00, -1.5386e+00],
          [-1.7844e+00, -1.7399e+00, -1.5952e+00,  ..., -1.3281e+00,
           -1.5507e+00, -1.2653e+00],
          [-1.7478e+00, -1.4086e+00, -1.5093e+00,  ..., -9.9796e-01,
           -1.4765e+00, -1.1818e+00]],

         [[ 1.3989e+01,  5.9668e+00,  3.1424e+00,  ...,  1.6292e+00,
            5.8976e+00,  9.2765e+00],
          [ 1.0780e+01,  2.8320e+00,  4.8348e-01,  ...,  5.4079e+00,
            3.0340e+00,  7.3525e+00],
          [ 7.3282e+00,  5.1549e+00,  1.6916e+00,  ...,  3.3249e+00,
            1.3497e+00,  1.4127e+01],
          ...,
          [ 7.7667e+00,  3.0205e-01,  2.7646e+00,  ...,  6.1311e+00,
            3.9905e+00,  5.8813e+00],
          [ 9.8226e+00,  1.7216e+00,  4.1669e+00,  ...,  1.2981e+00,
            4.5519e+00,  4.7081e+00],
          [ 7.6047e+00,  1.2600e+00,  3.0245e+00,  ...,  3.2519e-01,
            6.7974e+00,  5.2449e+00]]]],
       grad_fn=<MaxPool2DWithIndicesBackward0>)