tensor([[[[ 0.0057,  0.0057,  0.0057,  ...,  0.0057,  0.0057,  0.0057],
          [ 0.0057,  0.0057,  0.0057,  ...,  0.0057,  0.0057,  0.0058],
          [ 0.0057,  0.0057,  0.0057,  ...,  0.0057,  0.0057,  0.0058],
          ...,
          [ 0.0057,  0.0057,  0.0057,  ...,  0.0057,  0.0057,  0.0058],
          [ 0.0057,  0.0057,  0.0057,  ...,  0.0057,  0.0057,  0.0058],
          [ 0.0057,  0.0057,  0.0057,  ...,  0.0057,  0.0057,  0.0058]],

         [[ 0.0060,  0.0064,  0.0064,  ...,  0.0064,  0.0064,  0.0062],
          [ 0.0066,  0.0071,  0.0071,  ...,  0.0071,  0.0071,  0.0067],
          [ 0.0066,  0.0070,  0.0070,  ...,  0.0070,  0.0071,  0.0067],
          ...,
          [ 0.0066,  0.0070,  0.0070,  ...,  0.0070,  0.0071,  0.0067],
          [ 0.0066,  0.0070,  0.0071,  ...,  0.0071,  0.0071,  0.0067],
          [ 0.0067,  0.0065,  0.0065,  ...,  0.0065,  0.0065,  0.0064]],

         [[ 0.0130,  0.0127,  0.0127,  ...,  0.0127,  0.0127,  0.0127],
          [ 0.0129,  0.0127,  0.0127,  ...,  0.0127,  0.0127,  0.0127],
          [ 0.0129,  0.0127,  0.0127,  ...,  0.0127,  0.0127,  0.0127],
          ...,
          [ 0.0129,  0.0127,  0.0127,  ...,  0.0127,  0.0127,  0.0127],
          [ 0.0129,  0.0127,  0.0127,  ...,  0.0127,  0.0127,  0.0127],
          [ 0.0128,  0.0128,  0.0128,  ...,  0.0128,  0.0128,  0.0127]],

         ...,

         [[-0.0005, -0.0005, -0.0005,  ..., -0.0005, -0.0005, -0.0005],
          [-0.0006, -0.0006, -0.0006,  ..., -0.0006, -0.0006, -0.0005],
          [-0.0006, -0.0006, -0.0006,  ..., -0.0006, -0.0006, -0.0005],
          ...,
          [-0.0006, -0.0006, -0.0006,  ..., -0.0006, -0.0006, -0.0005],
          [-0.0006, -0.0006, -0.0006,  ..., -0.0006, -0.0006, -0.0005],
          [-0.0006, -0.0006, -0.0006,  ..., -0.0006, -0.0006, -0.0005]],

         [[ 0.0007,  0.0005,  0.0006,  ...,  0.0006,  0.0006,  0.0004],
          [ 0.0007,  0.0006,  0.0006,  ...,  0.0006,  0.0006,  0.0004],
          [ 0.0007,  0.0006,  0.0006,  ...,  0.0006,  0.0006,  0.0004],
          ...,
          [ 0.0007,  0.0006,  0.0006,  ...,  0.0006,  0.0006,  0.0004],
          [ 0.0007,  0.0006,  0.0006,  ...,  0.0006,  0.0006,  0.0004],
          [ 0.0008,  0.0010,  0.0010,  ...,  0.0010,  0.0010,  0.0007]],

         [[ 0.0062,  0.0064,  0.0064,  ...,  0.0064,  0.0064,  0.0061],
          [ 0.0064,  0.0065,  0.0066,  ...,  0.0066,  0.0066,  0.0060],
          [ 0.0064,  0.0065,  0.0065,  ...,  0.0065,  0.0065,  0.0060],
          ...,
          [ 0.0064,  0.0065,  0.0065,  ...,  0.0065,  0.0065,  0.0060],
          [ 0.0064,  0.0065,  0.0065,  ...,  0.0065,  0.0065,  0.0060],
          [ 0.0064,  0.0063,  0.0063,  ...,  0.0063,  0.0063,  0.0058]]]],
       grad_fn=<IndexPutBackward0>)