tensor([[[[ 0.0019,  0.0014,  0.0014,  ...,  0.0014,  0.0014,  0.0014],
          [ 0.0018,  0.0010,  0.0010,  ...,  0.0010,  0.0010,  0.0010],
          [ 0.0018,  0.0010,  0.0010,  ...,  0.0010,  0.0010,  0.0010],
          ...,
          [ 0.0019,  0.0010,  0.0010,  ...,  0.0010,  0.0010,  0.0010],
          [ 0.0018,  0.0010,  0.0010,  ...,  0.0010,  0.0010,  0.0010],
          [ 0.0019,  0.0012,  0.0012,  ...,  0.0012,  0.0012,  0.0012]],

         [[ 0.0007,  0.0007,  0.0007,  ...,  0.0007,  0.0007,  0.0007],
          [ 0.0007,  0.0007,  0.0007,  ...,  0.0007,  0.0007,  0.0007],
          [ 0.0007,  0.0007,  0.0007,  ...,  0.0007,  0.0007,  0.0007],
          ...,
          [ 0.0007,  0.0007,  0.0007,  ...,  0.0007,  0.0007,  0.0007],
          [ 0.0007,  0.0007,  0.0007,  ...,  0.0007,  0.0007,  0.0007],
          [ 0.0007,  0.0007,  0.0007,  ...,  0.0007,  0.0007,  0.0007]],

         [[-0.0008, -0.0008, -0.0008,  ..., -0.0008, -0.0008, -0.0008],
          [-0.0008, -0.0008, -0.0008,  ..., -0.0008, -0.0008, -0.0008],
          [-0.0008, -0.0008, -0.0008,  ..., -0.0008, -0.0008, -0.0008],
          ...,
          [-0.0008, -0.0008, -0.0008,  ..., -0.0008, -0.0008, -0.0008],
          [-0.0008, -0.0008, -0.0008,  ..., -0.0008, -0.0008, -0.0008],
          [-0.0008, -0.0008, -0.0008,  ..., -0.0008, -0.0008, -0.0008]],

         ...,

         [[ 0.0081,  0.0081,  0.0081,  ...,  0.0081,  0.0081,  0.0081],
          [ 0.0081,  0.0080,  0.0080,  ...,  0.0080,  0.0080,  0.0080],
          [ 0.0081,  0.0080,  0.0080,  ...,  0.0080,  0.0080,  0.0080],
          ...,
          [ 0.0081,  0.0080,  0.0080,  ...,  0.0080,  0.0080,  0.0080],
          [ 0.0081,  0.0080,  0.0080,  ...,  0.0080,  0.0080,  0.0080],
          [ 0.0081,  0.0080,  0.0080,  ...,  0.0080,  0.0080,  0.0080]],

         [[-0.0007, -0.0007, -0.0007,  ..., -0.0007, -0.0007, -0.0007],
          [-0.0007, -0.0007, -0.0007,  ..., -0.0007, -0.0007, -0.0007],
          [-0.0007, -0.0007, -0.0007,  ..., -0.0007, -0.0007, -0.0007],
          ...,
          [-0.0007, -0.0007, -0.0007,  ..., -0.0007, -0.0007, -0.0007],
          [-0.0007, -0.0007, -0.0007,  ..., -0.0007, -0.0007, -0.0007],
          [-0.0007, -0.0007, -0.0007,  ..., -0.0007, -0.0007, -0.0007]],

         [[ 0.0055,  0.0055,  0.0055,  ...,  0.0055,  0.0055,  0.0056],
          [ 0.0055,  0.0055,  0.0055,  ...,  0.0055,  0.0055,  0.0056],
          [ 0.0055,  0.0055,  0.0055,  ...,  0.0055,  0.0055,  0.0056],
          ...,
          [ 0.0055,  0.0055,  0.0055,  ...,  0.0055,  0.0055,  0.0056],
          [ 0.0055,  0.0055,  0.0055,  ...,  0.0055,  0.0055,  0.0056],
          [ 0.0057,  0.0058,  0.0058,  ...,  0.0058,  0.0057,  0.0058]]]],
       grad_fn=<MaxPool2DWithIndicesBackward0>)