tensor([[[[ 0.0087,  0.0137,  0.0119,  ...,  0.0094,  0.0100,  0.0092],
          [ 0.0133,  0.0131,  0.0102,  ...,  0.0110,  0.0146,  0.0121],
          [ 0.0102,  0.0132,  0.0110,  ...,  0.0112,  0.0115,  0.0110],
          ...,
          [ 0.0108,  0.0141,  0.0127,  ...,  0.0106,  0.0140,  0.0183],
          [ 0.0120,  0.0123,  0.0102,  ...,  0.0123,  0.0163,  0.0112],
          [ 0.0096,  0.0096,  0.0105,  ...,  0.0125,  0.0117,  0.0091]],

         [[-0.0019, -0.0022, -0.0024,  ..., -0.0023, -0.0024, -0.0021],
          [-0.0020, -0.0023, -0.0024,  ..., -0.0024, -0.0023, -0.0024],
          [-0.0019, -0.0020, -0.0021,  ..., -0.0022, -0.0023, -0.0024],
          ...,
          [-0.0020, -0.0023, -0.0024,  ..., -0.0021, -0.0021, -0.0024],
          [-0.0020, -0.0024, -0.0021,  ..., -0.0024, -0.0023, -0.0024],
          [-0.0020, -0.0021, -0.0018,  ..., -0.0020, -0.0018, -0.0024]],

         [[ 0.0199,  0.0122,  0.0138,  ...,  0.0182,  0.0154,  0.0136],
          [ 0.0189,  0.0184,  0.0163,  ...,  0.0153,  0.0173,  0.0163],
          [ 0.0170,  0.0163,  0.0158,  ...,  0.0169,  0.0232,  0.0172],
          ...,
          [ 0.0185,  0.0161,  0.0183,  ...,  0.0215,  0.0167,  0.0137],
          [ 0.0184,  0.0142,  0.0187,  ...,  0.0174,  0.0153,  0.0149],
          [ 0.0189,  0.0186,  0.0183,  ...,  0.0181,  0.0197,  0.0183]],

         ...,

         [[ 0.0185,  0.0194,  0.0257,  ...,  0.0221,  0.0316,  0.0291],
          [ 0.0195,  0.0307,  0.0311,  ...,  0.0220,  0.0265,  0.0164],
          [ 0.0135,  0.0219,  0.0226,  ...,  0.0324,  0.0240,  0.0288],
          ...,
          [ 0.0241,  0.0215,  0.0243,  ...,  0.0297,  0.0354,  0.0242],
          [ 0.0218,  0.0230,  0.0235,  ...,  0.0181,  0.0310,  0.0234],
          [ 0.0182,  0.0229,  0.0379,  ...,  0.0290,  0.0310,  0.0255]],

         [[ 0.0054,  0.0034,  0.0077,  ...,  0.0076,  0.0058,  0.0097],
          [ 0.0107,  0.0072,  0.0085,  ...,  0.0084,  0.0058,  0.0116],
          [ 0.0068,  0.0069,  0.0078,  ...,  0.0085,  0.0078,  0.0094],
          ...,
          [ 0.0081,  0.0068,  0.0065,  ...,  0.0069,  0.0090,  0.0088],
          [ 0.0076,  0.0076,  0.0093,  ...,  0.0081,  0.0065,  0.0098],
          [ 0.0085,  0.0057,  0.0062,  ...,  0.0090,  0.0077,  0.0116]],

         [[ 0.0178,  0.0135,  0.0122,  ...,  0.0148,  0.0146,  0.0146],
          [ 0.0073,  0.0078,  0.0017,  ...,  0.0034, -0.0003,  0.0079],
          [ 0.0049,  0.0022,  0.0072,  ..., -0.0001, -0.0006,  0.0090],
          ...,
          [ 0.0124,  0.0013,  0.0013,  ..., -0.0003,  0.0009,  0.0055],
          [ 0.0066,  0.0014, -0.0003,  ...,  0.0115,  0.0023,  0.0022],
          [ 0.0098,  0.0085,  0.0109,  ...,  0.0204,  0.0104,  0.0163]]]],
       grad_fn=<MaxPool2DWithIndicesBackward0>)