tensor([[[[ 1.0111e-01,  1.4264e-01,  1.0921e-01,  ...,  9.8813e-02,
            2.8860e-01,  6.7757e-02],
          [ 6.8554e-02,  1.7459e-01,  1.0527e-01,  ...,  1.9248e-01,
            1.9361e-01,  1.0792e-01],
          [ 2.6064e-02,  1.6059e-01,  3.0992e-01,  ...,  2.5387e-01,
           -1.1403e-02,  5.5409e-02],
          ...,
          [ 7.6911e-02,  1.0539e-01,  1.1249e-01,  ...,  1.7083e-01,
            2.9144e-01,  9.0535e-02],
          [ 1.2096e-01,  1.2009e-01,  2.2229e-01,  ...,  2.0713e-01,
            5.0721e-02,  1.2937e-01],
          [ 8.8419e-02,  1.7274e-01,  1.3901e-01,  ...,  8.2199e-02,
            2.2250e-01,  1.3240e-01]],

         [[ 2.0069e-02,  6.2372e-02,  6.0958e-02,  ...,  4.2185e-02,
            6.3206e-02,  8.0607e-03],
          [ 3.4335e-02, -8.7861e-04, -1.4004e-03,  ...,  9.8514e-02,
            7.0399e-02,  2.5251e-02],
          [ 3.8871e-02,  4.3816e-02,  3.8591e-02,  ...,  3.4854e-02,
            3.1711e-02,  1.3647e-03],
          ...,
          [ 2.6599e-02,  3.4467e-02,  7.8320e-03,  ...,  1.6421e-02,
            9.2331e-02,  8.5695e-04],
          [ 5.5818e-02,  1.4955e-02,  5.2178e-02,  ...,  2.9289e-02,
           -2.9807e-03,  1.2045e-02],
          [ 1.3616e-02,  2.1949e-02,  2.1701e-02,  ...,  2.1708e-02,
            9.4378e-02,  3.0294e-02]],

         [[-5.3149e-04,  1.3840e-01,  2.0429e-01,  ...,  9.2828e-02,
            9.0619e-02, -4.8266e-03],
          [ 6.6309e-02,  8.5202e-02,  8.7448e-02,  ...,  3.0153e-02,
            2.0063e-01,  1.3330e-01],
          [ 8.5631e-02,  1.4527e-01,  7.0926e-02,  ...,  1.3515e-01,
            8.0793e-02,  1.1426e-01],
          ...,
          [-4.0196e-03,  8.5255e-02,  2.4731e-01,  ...,  9.3880e-02,
            1.1233e-01,  1.6957e-01],
          [ 1.7573e-01,  1.3088e-01, -5.0544e-03,  ..., -8.8336e-04,
            1.0349e-01,  8.0320e-02],
          [ 6.3620e-02,  9.5169e-02,  6.6988e-02,  ...,  7.2086e-02,
            7.5546e-02,  6.6084e-02]],

         ...,

         [[ 5.6107e-02,  2.1983e-02,  1.7523e-02,  ...,  4.1878e-02,
            2.2699e-02,  7.6016e-02],
          [ 1.2452e-02,  5.4382e-02,  2.2114e-02,  ...,  1.8801e-03,
            1.0109e-01,  1.5461e-02],
          [ 1.6688e-02,  4.6665e-02, -3.4729e-04,  ...,  3.6635e-02,
            9.3109e-02,  8.1933e-02],
          ...,
          [ 3.7867e-02,  4.6356e-02,  3.7446e-02,  ...,  1.0888e-03,
           -9.5677e-04,  2.5889e-02],
          [ 2.4912e-02,  1.3500e-02,  2.9131e-02,  ...,  5.3840e-02,
            6.3340e-02,  5.8489e-03],
          [ 2.4030e-02,  2.2428e-02,  1.3923e-02,  ...,  2.9731e-02,
            2.9972e-02,  2.3638e-02]],

         [[ 1.8983e-02,  3.2160e-02,  5.8398e-03,  ...,  1.3733e-02,
           -1.3621e-03,  3.1055e-02],
          [ 1.8277e-03,  2.5861e-02,  6.5327e-03,  ...,  5.3415e-02,
           -7.4424e-04,  8.7433e-03],
          [ 4.3470e-02,  7.7035e-03,  3.3059e-02,  ...,  3.6444e-02,
            1.9410e-02,  5.7459e-02],
          ...,
          [-1.9620e-03,  5.7611e-02,  4.5575e-02,  ...,  4.5762e-02,
            7.4738e-02,  1.9729e-02],
          [-1.0284e-03, -7.5495e-05,  3.2489e-02,  ..., -2.3365e-04,
            4.9689e-02, -1.9130e-04],
          [ 3.7226e-02,  2.0644e-02,  9.6816e-03,  ...,  8.2839e-03,
            1.3487e-02,  1.1716e-02]],

         [[ 6.6286e-02,  2.2242e-01,  2.1387e-01,  ...,  2.8194e-01,
            2.8130e-01,  3.0319e-01],
          [ 3.5092e-01,  2.7896e-01, -2.6161e-03,  ...,  1.7224e-01,
            2.5231e-01,  2.7295e-01],
          [ 2.0627e-01,  4.1093e-01,  2.3014e-01,  ...,  5.5586e-01,
            4.1601e-01,  4.1003e-01],
          ...,
          [-4.6155e-03,  2.8776e-01,  3.1356e-01,  ...,  7.6658e-02,
            4.1355e-01, -1.5713e-02],
          [ 2.5909e-01,  2.6509e-01,  1.8492e-01,  ...,  8.1033e-02,
           -9.6814e-03,  2.5393e-01],
          [ 6.3373e-02,  1.8906e-01,  9.7503e-02,  ...,  2.5496e-01,
            2.8240e-01,  1.1356e-01]]]],
       grad_fn=<MaxPool2DWithIndicesBackward0>)