tensor([[[[ 2.1123e+01,  1.2776e+01,  7.7333e+00,  ...,  2.4149e+01,
            1.6138e+01,  2.1902e+01],
          [ 9.3105e+00,  1.9416e+01,  1.2445e+01,  ...,  2.6099e+01,
            2.1315e+01,  3.1041e+01],
          [ 1.9246e+01,  1.7230e+01,  1.5658e+01,  ...,  1.9470e+01,
            6.8294e+00,  1.9366e+01],
          ...,
          [ 2.4069e+01,  9.6127e+00,  8.0071e+00,  ...,  1.5837e-01,
           -2.9064e-01,  1.4161e-01],
          [ 1.7863e+01,  1.0441e+01,  9.2273e+00,  ..., -1.0205e-01,
            1.8177e+01,  4.1562e+00],
          [ 1.3782e+01,  1.1691e+01, -3.2849e-01,  ...,  2.0780e+00,
            3.1076e+00,  8.9800e+00]],

         [[ 1.2328e+00, -4.0286e-01, -4.8005e-01,  ...,  1.5205e+00,
           -3.5416e-01, -5.3524e-01],
          [ 2.7263e+00,  2.6175e-03, -4.4217e-01,  ...,  4.1882e-01,
           -7.9456e-01, -9.3888e-01],
          [ 1.7403e+00, -2.9825e-01, -7.6334e-01,  ..., -8.7435e-01,
           -8.3022e-01, -6.0547e-01],
          ...,
          [ 5.3021e-01, -3.8604e-01, -5.9905e-02,  ..., -1.0602e-01,
           -7.1684e-01, -4.5137e-01],
          [ 1.6737e+00,  3.1923e+00, -7.7329e-01,  ..., -3.8411e-01,
           -1.8948e-01, -2.9581e-01],
          [ 3.1704e+00, -1.5518e-02, -6.2658e-01,  ...,  2.3743e+00,
           -1.7418e-01, -3.7282e-01]],

         [[ 5.0006e+01, -9.9740e-01, -1.7606e-01,  ..., -8.0745e-01,
            5.0373e+00, -2.0822e+00],
          [-2.0817e+00, -1.9765e+00, -3.0122e+00,  ..., -1.6250e+00,
           -2.0489e+00, -1.6435e+00],
          [-1.9524e+00, -6.6999e+00, -2.1151e+00,  ..., -1.2605e+00,
           -3.2505e+00, -2.0107e+00],
          ...,
          [ 1.3835e+01, -8.0351e-02, -2.4210e+00,  ..., -6.7877e+00,
           -5.0340e+00, -3.4190e+00],
          [-3.5427e+00, -3.7433e+00, -7.5749e+00,  ..., -4.7271e+00,
           -1.1589e+00, -1.4097e+00],
          [-2.5905e+00, -1.0922e+00, -4.4029e+00,  ..., -6.4784e+00,
           -3.5145e+00, -4.1628e+00]],

         ...,

         [[-1.9166e+00, -2.8301e+00, -3.2888e+00,  ..., -3.8470e+00,
           -3.8637e+00, -4.0024e+00],
          [-1.6268e+00, -3.9278e+00, -5.2285e+00,  ..., -3.3561e+00,
           -2.8940e+00, -3.9861e+00],
          [-1.9100e+00, -2.1520e+00, -1.5831e+00,  ..., -2.2953e+00,
           -1.8721e+00, -4.5753e+00],
          ...,
          [-2.1602e+00, -4.9060e+00, -6.4312e+00,  ..., -2.7409e+00,
           -2.9743e+00, -3.6397e+00],
          [-3.3092e+00, -4.6475e+00, -7.0789e+00,  ..., -3.0462e+00,
           -3.0680e+00, -2.6881e+00],
          [-2.0478e+00, -4.2402e+00, -4.4733e+00,  ..., -5.4442e+00,
           -3.6162e+00, -2.6468e+00]],

         [[-2.5584e+00, -3.6394e+00, -2.9647e+00,  ..., -1.4508e+00,
           -1.8238e+00, -3.1927e+00],
          [-5.2428e+00, -5.8716e+00, -1.1285e+00,  ..., -2.9872e+00,
           -5.3407e+00, -4.2086e+00],
          [-2.7270e+00, -7.3596e+00, -2.2039e+00,  ..., -4.0541e+00,
           -1.4952e+00, -4.8969e+00],
          ...,
          [-5.2879e+00, -3.2640e+00, -5.5885e+00,  ..., -4.0136e+00,
           -6.4828e+00, -4.5676e+00],
          [-2.1147e+00, -5.1522e+00, -6.4450e+00,  ..., -3.0266e+00,
           -2.1310e+00, -4.1911e+00],
          [-4.9311e-01, -3.2708e+00, -3.0652e+00,  ..., -3.5520e+00,
           -8.6406e-01, -2.0646e+00]],

         [[ 2.8944e+01,  5.1097e+01,  2.7914e+01,  ...,  6.7106e+01,
            1.6106e+01,  2.4565e+01],
          [ 3.4200e+01,  1.5354e+01,  5.3530e+01,  ...,  3.2023e+01,
            6.3090e+01, -2.8206e+00],
          [ 2.0331e+01,  3.2748e+01,  5.2007e+01,  ...,  4.8824e+01,
            6.1925e+01,  5.3766e+00],
          ...,
          [ 3.0528e+01,  2.5476e+01,  4.3112e+01,  ...,  3.2616e+01,
            6.1210e+01,  1.7828e+01],
          [ 2.7937e+01,  4.0361e+01,  2.9127e+01,  ...,  4.3266e+01,
            3.2627e+01, -6.6887e-01],
          [ 1.7604e+01,  1.2243e+01,  3.2177e+01,  ...,  4.5338e+01,
            7.1991e+00,  4.2424e+01]]]],
       grad_fn=<MaxPool2DWithIndicesBackward0>)