tensor([1.3506, 1.3358, 1.1523, 1.4476, 1.6751, 1.9962, 1.1686, 1.2144, 1.4709,
        1.4804, 1.3106, 1.5673, 1.2633, 1.6005, 1.6948, 0.9926, 1.6030, 1.2699,
        1.1884, 1.3411, 1.5793, 1.1714, 1.4110, 1.4780, 1.5521, 1.6942, 1.3317,
        1.5261, 1.0790, 1.6710, 1.6042, 1.9415, 1.9142, 1.6991, 1.4436, 1.8879,
        1.3604, 1.5754, 1.4778, 1.5819, 1.6292, 1.0736, 1.2045, 1.6858, 1.2638,
        1.4565, 1.3012, 1.7314, 1.3981, 0.9735, 1.3599, 1.4106, 1.2652, 1.3941,
        1.4748, 1.9975, 1.4041, 1.6009, 0.9875, 1.5736, 1.1101, 1.4542, 1.4179,
        1.0483, 1.8886, 1.4861, 1.3298, 1.7709, 1.2320, 1.2392, 1.3942, 1.1990,
        1.4566, 1.3631, 1.2085, 2.0282, 1.3243, 1.5860, 1.6042, 1.1195, 1.2680,
        1.6251, 1.5328, 1.5617, 0.9800, 1.4158, 1.8158, 1.3796, 1.4162, 1.3054,
        1.6225, 1.4685, 0.8827, 1.1591, 1.8948, 1.7125, 1.3769, 1.2132, 1.7690,
        0.9783, 1.6535, 1.6898, 1.4271, 1.5996, 1.3175, 1.2217, 1.4106, 1.1670,
        1.5225, 1.5059, 1.1163, 1.4247, 1.2591, 1.4044, 1.2726, 1.7663, 1.2394,
        1.4947, 1.0799, 1.0192, 1.2702, 1.6508, 1.8101, 1.0610, 1.3876, 1.7115,
        1.5130, 0.9289, 0.9944, 1.5943, 1.2931, 1.3325, 1.2931, 1.3500, 1.6314,
        1.1571, 1.2706, 1.2392, 1.1404, 1.5113, 1.5256, 1.1576, 1.8998, 1.4830,
        0.9596, 1.0751, 1.4697, 1.5459, 1.3167, 1.4266, 1.0499, 1.4454, 1.5086,
        1.8428, 1.5150, 1.1461, 1.7879, 1.9923, 1.7217, 1.0891, 1.6528, 1.7069,
        1.0515, 1.6566, 1.5937, 1.8666, 1.2200, 1.3427, 1.6538, 0.9766, 1.1876,
        1.1888, 1.5029, 1.6379, 1.8554, 1.5031, 1.1840, 1.6602, 1.6490, 1.5832,
        1.7782, 1.3958, 0.9618, 1.6314, 2.1193, 1.2497, 1.6422, 1.8305, 1.2168,
        1.5026, 1.8989, 1.3031, 1.2158, 1.7382, 1.3185, 1.2874, 1.2125, 0.9669,
        1.9566, 1.4365, 1.5865, 1.3388, 1.8859, 1.4191, 1.8383, 1.4825, 1.3580,
        1.2223, 1.5341, 1.5204, 1.3591, 1.1138, 1.3172, 1.5993, 1.0905, 1.4501,
        1.5065, 2.0255, 1.1597, 1.4760, 1.6372, 1.6317, 0.8554, 1.6065, 0.9874,
        1.2902, 1.5720, 1.4270, 1.7807, 1.5814, 1.6609, 1.8157, 1.4507, 1.0083,
        1.6063, 1.5972, 0.8954, 1.1499, 1.4165, 1.2071, 1.9573, 1.5252, 1.4525,
        1.7599, 1.4617, 1.8708, 1.3004, 1.3290, 1.2855, 0.9776, 1.1653, 1.4709,
        1.4664, 1.7524, 1.4487, 2.1209, 1.3613, 1.5202, 1.3985, 1.5091, 1.7480,
        1.5486, 1.8756, 1.9835, 1.5511, 1.0298, 1.5297, 1.7806, 1.3421, 1.4785,
        1.3771, 1.5669, 1.7701, 1.4068, 1.2752, 1.4803, 1.4385, 1.3808, 1.3699,
        1.4884, 1.3148, 1.7797, 1.1780, 1.5603, 1.3032, 1.2810, 1.1799, 1.4267,
        1.6482, 1.4780, 1.6255, 1.5184, 2.0745, 1.5349, 1.3309, 1.5901, 1.4088,
        1.0910, 1.6912, 1.2526, 1.4930, 1.4284, 1.1530, 1.0801, 1.3208, 1.2818,
        1.4597, 1.6645, 1.4493, 1.2797, 1.5802, 1.5396, 1.1864, 1.5849, 1.3904,
        1.3198, 1.0874, 1.5555, 1.3902, 1.6580, 1.3030, 1.4673, 1.3039, 1.5702,
        1.4112, 1.4373, 1.0794, 1.2747, 0.9486, 1.3018, 1.7845, 1.7149, 1.6628,
        1.2282, 1.6250, 1.3725, 1.6235, 1.8714, 1.4549, 1.2987, 1.2140, 1.3544,
        1.3838, 1.2030, 1.2221, 1.0447, 1.3568, 1.8816, 1.0367, 1.0166, 1.5188,
        1.4939, 1.4052, 1.0016, 1.5966, 1.1203, 1.2219, 0.9196, 1.0088, 1.4472,
        1.8472, 1.7396, 1.0240, 1.3220, 1.3180, 1.5954, 1.2685, 1.1067, 1.1914,
        1.2212, 1.4083, 1.3179, 1.3674, 1.9272, 1.5909, 1.5221, 1.0635, 1.1215,
        1.1221, 1.6044, 1.5020, 1.5563, 1.3954, 1.0094, 1.4575, 1.6209, 1.1970,
        1.2500, 1.4450, 1.5588, 1.7462, 1.5264, 1.1560, 1.6621, 1.3421, 1.3966,
        1.1363, 1.5084, 1.4765, 1.0476, 0.9144, 1.5033, 1.4486, 1.0719, 1.3946,
        1.0343, 1.9823, 1.4523, 1.3445, 1.4316, 1.7498, 1.5275, 1.5432, 1.3134,
        1.5874, 1.1267, 1.4981, 1.5429, 2.1973, 1.2141, 2.2751, 1.3138, 1.3000,
        1.2552, 1.2764, 1.7045, 1.5221, 1.2914, 0.9007, 1.7517, 1.7056, 1.3244,
        1.3754, 1.0465, 1.4346, 1.0619, 1.2856, 1.8429, 2.4275, 1.3573, 1.3793,
        1.3708, 1.7520, 2.0688, 1.2636, 2.0807, 1.2813, 1.6687, 1.3249, 0.9939,
        0.4802, 1.1760, 2.2441, 1.7961, 1.3252, 1.4717, 1.6272, 1.4799, 1.3865,
        1.1781, 1.3399, 1.0337, 1.5447, 1.6261, 1.4455, 1.6337, 1.2888, 1.1253,
        1.4185, 2.0688, 1.5175, 1.3091, 1.3753, 1.5197, 1.2883, 1.8294, 1.4066,
        1.6086, 1.3052, 1.4399, 1.2012, 1.5002, 1.5003, 1.6210, 1.2651, 1.5743,
        1.8046, 1.2069, 1.6553, 1.4810, 1.9398, 1.3067, 1.8129, 1.5460, 1.0970,
        1.6149, 1.2051, 1.2757, 1.5423, 1.1790, 1.4630, 1.3501, 1.3916, 1.4674,
        1.4943, 1.6268, 1.4577, 1.1822, 1.3976, 1.6060, 1.0819, 1.4478])