tensor([[[[-4.4746e-02,  5.6717e-01,  1.2589e+00,  ...,  1.2866e+00,
            8.4807e-01,  2.6939e-02],
          [-1.1707e+00, -6.1336e-01,  2.9334e-01,  ...,  1.1486e+00,
            6.2851e-01,  1.1849e-01],
          [-1.3583e+00, -4.2007e-01,  2.9429e-01,  ...,  1.2874e+00,
            8.0660e-01,  2.6034e-01],
          ...,
          [-1.4042e+00, -4.2591e-01,  3.2654e-01,  ...,  5.6610e-01,
            1.8917e-01,  4.7225e-01],
          [-1.3329e+00, -7.9893e-01,  1.0376e-01,  ...,  3.5020e-01,
            1.0230e-01,  2.7162e-02],
          [-1.2462e+00, -5.7128e-01,  2.0156e-01,  ...,  1.7959e-01,
           -1.6730e-01, -1.4063e-02]],

         [[ 6.3322e-02, -7.0420e-01, -1.0141e-01,  ..., -3.7508e-01,
           -5.8618e-01, -4.3384e-01],
          [ 4.9076e-01, -8.3896e-02,  7.1290e-01,  ...,  1.6184e-01,
           -4.2087e-01, -4.2694e-01],
          [ 3.3482e-02, -6.0081e-02,  7.5171e-01,  ...,  2.5264e-01,
            3.7074e-01,  5.9547e-02],
          ...,
          [ 6.7242e-01,  9.8951e-01,  1.7213e+00,  ...,  1.3695e+00,
            1.3138e+00,  3.7900e-01],
          [ 9.5511e-01,  1.1201e+00,  1.5385e+00,  ...,  1.4435e+00,
            1.2704e+00,  4.3835e-01],
          [ 6.3636e-01,  5.7516e-01,  9.4190e-01,  ...,  5.3609e-01,
            2.7748e-01, -1.4286e-01]],

         [[-8.4415e-01, -1.9677e-01, -3.0524e-01,  ..., -2.5914e-01,
           -5.5189e-01, -3.0675e-01],
          [-1.2103e+00, -5.9645e-02, -5.0130e-02,  ...,  1.3127e-01,
           -7.4238e-01, -6.9975e-01],
          [-1.4815e+00, -4.9940e-01, -2.6994e-01,  ..., -1.3855e-01,
           -1.0013e+00, -7.5505e-01],
          ...,
          [-1.9711e+00, -1.3586e+00, -8.3874e-01,  ..., -3.8762e-01,
           -5.3669e-01, -3.3417e-01],
          [-1.5170e+00, -8.2549e-01, -5.5096e-01,  ...,  6.9032e-02,
           -1.4121e-01, -2.1615e-01],
          [-8.7102e-01, -1.2995e-01,  8.8703e-02,  ...,  3.5848e-01,
            2.0821e-01, -4.1770e-01]],

         ...,

         [[ 6.1852e+00,  1.1238e+01,  1.3048e+01,  ...,  1.2445e+01,
            1.1632e+01,  7.6220e+00],
          [ 1.0525e+01,  1.6575e+01,  2.0416e+01,  ...,  1.8196e+01,
            1.6984e+01,  1.1114e+01],
          [ 1.1104e+01,  1.8843e+01,  2.3900e+01,  ...,  1.9593e+01,
            1.7355e+01,  1.1203e+01],
          ...,
          [ 1.2278e+01,  2.0757e+01,  2.5312e+01,  ...,  2.3391e+01,
            1.9480e+01,  1.1096e+01],
          [ 8.9339e+00,  1.5747e+01,  1.9946e+01,  ...,  1.8374e+01,
            1.4405e+01,  8.4985e+00],
          [ 6.7660e+00,  9.7382e+00,  1.1995e+01,  ...,  1.0823e+01,
            8.2599e+00,  5.0921e+00]],

         [[-1.4299e+00, -3.8259e+00, -4.3510e+00,  ..., -1.0619e+00,
           -4.4666e-01, -7.9577e-01],
          [-3.2682e+00, -5.7206e+00, -6.3216e+00,  ..., -3.4045e+00,
           -2.0489e+00, -1.6039e+00],
          [-2.0409e+00, -4.6764e+00, -5.3952e+00,  ..., -2.6562e+00,
           -6.0257e-01, -9.4341e-01],
          ...,
          [-2.1845e+00, -4.7431e+00, -5.8315e+00,  ..., -5.0030e+00,
           -3.6598e+00, -2.4972e+00],
          [-2.2467e+00, -4.4532e+00, -5.4274e+00,  ..., -4.7433e+00,
           -4.1008e+00, -2.9788e+00],
          [-1.6405e+00, -3.8128e+00, -4.1071e+00,  ..., -3.6979e+00,
           -3.0329e+00, -2.1660e+00]],

         [[ 1.9697e+00,  1.8976e+00,  3.2165e+00,  ...,  1.9455e+00,
            7.0049e-01,  9.0588e-01],
          [ 1.1109e+00,  1.2508e+00,  3.6510e+00,  ...,  3.0029e+00,
            1.3437e+00,  1.0454e+00],
          [ 2.7597e+00,  3.4845e+00,  6.2211e+00,  ...,  5.9332e+00,
            3.4024e+00,  1.5880e+00],
          ...,
          [ 3.0403e+00,  5.3831e+00,  1.0537e+01,  ...,  9.4155e+00,
            7.0099e+00,  4.4785e+00],
          [ 2.7044e+00,  4.7335e+00,  8.2120e+00,  ...,  7.6242e+00,
            6.8192e+00,  4.9604e+00],
          [ 1.2578e+00,  3.4265e+00,  5.3738e+00,  ...,  3.9551e+00,
            3.4752e+00,  3.4886e+00]]]])