tensor([[[[ 5.1774e-02,  3.5898e-02,  8.5023e-03,  ..., -4.1493e-04,
            2.7206e-02, -2.8749e-03],
          [ 6.4093e-02,  4.1675e-02,  3.8859e-02,  ...,  6.2821e-02,
            7.1690e-02,  8.1437e-03],
          [ 5.8457e-02,  5.2616e-02,  2.9591e-02,  ...,  5.9083e-02,
            6.1742e-02,  8.6202e-02],
          ...,
          [ 8.1071e-02,  3.4033e-02,  3.3319e-02,  ...,  5.6286e-02,
            2.2312e-02,  4.3617e-02],
          [ 6.5890e-02,  3.2318e-02,  5.9344e-02,  ...,  4.8027e-02,
            2.4549e-02,  3.8725e-02],
          [ 6.7906e-02,  6.4219e-02,  9.7932e-02,  ...,  1.0026e-01,
            4.7811e-02,  5.1704e-02]],

         [[-1.2268e-03, -1.2370e-03, -1.1684e-03,  ..., -1.2704e-03,
           -1.2943e-03, -1.0877e-03],
          [-1.3225e-03, -1.3194e-03, -1.3202e-03,  ..., -1.3330e-03,
           -1.4254e-03, -1.0785e-03],
          [-1.3112e-03, -1.3941e-03, -1.3309e-03,  ..., -1.2264e-03,
           -1.2252e-03, -1.1736e-03],
          ...,
          [-1.2742e-03, -1.3626e-03, -1.4064e-03,  ..., -1.3799e-03,
           -1.2791e-03, -1.1821e-03],
          [-1.2283e-03, -1.3395e-03, -1.4194e-03,  ..., -1.4113e-03,
           -1.3403e-03, -1.2047e-03],
          [-1.1029e-03, -1.1382e-03, -1.2196e-03,  ..., -1.1908e-03,
           -1.2035e-03, -1.0976e-03]],

         [[-1.0105e-03, -9.4897e-04, -1.1065e-03,  ...,  1.1062e-02,
           -4.9089e-04, -3.0665e-04],
          [ 2.9222e-03,  2.7403e-03, -1.2477e-03,  ..., -1.3956e-03,
            1.7630e-02, -4.4549e-04],
          [ 3.6951e-04,  8.9880e-03, -2.9315e-04,  ...,  1.5896e-02,
           -1.1800e-03,  2.3749e-03],
          ...,
          [-4.1335e-04,  1.0676e-03, -4.8075e-04,  ...,  1.7789e-03,
            7.8829e-03,  1.3572e-02],
          [-1.8242e-04, -2.2024e-04,  4.0161e-03,  ..., -6.1025e-04,
           -7.2043e-04,  1.4080e-02],
          [-7.4266e-04, -1.7250e-03, -6.4147e-05,  ..., -1.4106e-03,
           -1.8929e-03,  1.3821e-02]],

         ...,

         [[ 3.5085e-02,  8.6385e-02,  4.8531e-02,  ...,  6.9318e-02,
            6.9143e-02,  6.7996e-02],
          [ 6.8457e-02,  6.2662e-02,  5.2291e-02,  ...,  4.3850e-02,
            9.4216e-02,  5.6014e-02],
          [ 2.8727e-02,  9.9130e-02,  7.3278e-02,  ...,  4.4633e-02,
            4.8802e-02,  7.8862e-02],
          ...,
          [ 5.6443e-02,  8.2199e-02,  4.5593e-02,  ...,  6.3587e-02,
            5.5973e-02,  5.0014e-02],
          [ 5.5280e-02,  5.1284e-02,  6.8901e-02,  ...,  7.0401e-02,
            5.9005e-02,  4.8379e-02],
          [ 4.0340e-02,  5.3200e-02,  5.6828e-02,  ...,  7.7950e-02,
            5.9689e-02,  4.3051e-02]],

         [[ 4.1307e-01,  3.5321e-01,  2.9708e-01,  ...,  5.7229e-02,
            1.9356e-01,  3.0535e-01],
          [ 2.3709e-01,  2.4182e-01,  4.2110e-01,  ...,  3.3696e-01,
            2.7066e-01,  3.4661e-01],
          [ 1.1415e-01,  2.6584e-01,  4.7116e-01,  ...,  3.9311e-01,
            2.9941e-01,  4.0782e-01],
          ...,
          [ 1.2647e-01,  3.5127e-01,  2.2832e-01,  ...,  2.7472e-01,
            2.9638e-01,  3.5995e-01],
          [ 1.5561e-01,  3.6545e-01,  5.4090e-01,  ...,  3.1714e-01,
            3.6889e-01,  2.1918e-01],
          [ 2.5236e-01,  2.8521e-01,  3.2839e-01,  ...,  3.0603e-01,
            3.3234e-01,  3.5502e-01]],

         [[ 7.0946e-02, -2.7148e-03,  1.1399e-01,  ...,  3.7329e-02,
           -1.4745e-03,  4.3372e-02],
          [ 1.6867e-01,  2.0277e-01,  7.2333e-02,  ...,  1.6237e-01,
            7.6876e-02,  8.2725e-02],
          [ 1.0516e-01,  1.6172e-02,  2.0217e-01,  ...,  1.4200e-01,
            3.7715e-02,  4.7922e-02],
          ...,
          [ 1.4862e-01, -3.4552e-03,  7.0692e-02,  ...,  6.4933e-02,
            1.1496e-01,  8.0440e-02],
          [-8.7650e-04,  2.3891e-03,  1.4613e-01,  ...,  5.4685e-02,
           -4.2556e-04,  4.8579e-02],
          [-2.5389e-03,  3.4519e-02,  4.9236e-02,  ...,  3.7021e-02,
            4.1296e-02, -2.8624e-03]]]])