tensor([[[[-0.7560, -0.8483, -0.7404,  ..., -0.7776, -0.8370, -0.1750],
          [-0.3520, -0.8525, -0.6702,  ..., -0.7858, -0.8098, -0.2015],
          [-0.5938, -1.0027, -0.9187,  ..., -0.9127, -1.1608, -0.4624],
          ...,
          [-0.6672, -0.9966, -0.9440,  ..., -0.8801, -0.7987, -0.4117],
          [-0.7727, -1.1544, -1.1216,  ..., -1.0113, -1.0815, -0.5760],
          [-0.7666, -0.6805, -0.8079,  ..., -0.9967, -0.9146, -0.4701]],

         [[-0.6444, -0.5085, -0.4119,  ..., -0.3357, -0.3535, -0.6311],
          [-0.6387, -0.4505, -0.3352,  ..., -0.3117, -0.2614, -0.5732],
          [-0.2991, -0.0041, -0.0696,  ..., -0.1100, -0.0593, -0.5007],
          ...,
          [-0.3241, -0.1094, -0.0523,  ..., -0.0483,  0.2940, -0.4497],
          [-0.3742, -0.2202, -0.2654,  ..., -0.1327, -0.1000, -0.5359],
          [-0.2384, -0.0768, -0.1976,  ..., -0.2069, -0.1606, -0.4233]],

         [[-0.3328, -0.7733, -0.5695,  ..., -0.6106, -0.6084, -0.3131],
          [-0.2109, -0.7873, -0.6323,  ..., -0.6293, -0.6302, -0.2630],
          [-0.0895, -0.6927, -0.5433,  ..., -0.5360, -0.6331, -0.2492],
          ...,
          [-0.1160, -0.6655, -0.5162,  ..., -0.5341, -0.6201, -0.2470],
          [-0.0944, -0.6981, -0.5265,  ..., -0.4710, -0.5643, -0.2217],
          [ 2.6778,  0.3957,  0.8646,  ...,  1.2972,  1.1548,  2.0479]],

         ...,

         [[-1.0799, -0.5659, -0.3301,  ..., -0.4138, -0.6501, -0.2519],
          [-1.5002, -0.9371, -0.6699,  ..., -0.8279, -1.2641, -0.4467],
          [-1.4129, -0.7767, -0.6165,  ..., -0.5457, -1.0118, -0.4855],
          ...,
          [-1.3102, -0.9212, -0.6516,  ..., -0.6246, -1.0862, -0.5271],
          [-1.5236, -1.2239, -0.9572,  ..., -0.7831, -1.3752, -0.5769],
          [-1.5109, -1.2420, -0.9249,  ..., -0.9744, -1.4420, -0.6688]],

         [[-0.4759, -0.4896, -0.6012,  ..., -0.7911, -0.7340, -0.6465],
          [-0.2401, -0.0065, -0.3315,  ..., -0.2635, -0.3136, -0.2421],
          [-0.1794, -0.0159, -0.3944,  ..., -0.3441, -0.3697, -0.2654],
          ...,
          [-0.1630, -0.0902, -0.4461,  ..., -0.2763, -0.2067, -0.1325],
          [-0.1970, -0.1829, -0.5398,  ..., -0.5529, -0.4286, -0.3140],
          [-0.2722, -0.0137, -0.2219,  ..., -0.2924, -0.1674, -0.1791]],

         [[-0.4140, -0.6643, -0.5599,  ..., -0.7253, -0.4929, -0.4377],
          [-0.5477, -0.8776, -0.8696,  ..., -0.8087, -0.6175, -0.4757],
          [-0.5686, -0.6366, -0.7423,  ..., -0.7281, -0.5829, -0.3094],
          ...,
          [-0.5963, -0.8340, -0.7619,  ..., -0.6760, -0.5753, -0.2355],
          [-0.3505, -0.4279, -0.2784,  ..., -0.2902, -0.1989,  0.2367],
          [-0.5435, -0.3722, -0.3620,  ..., -0.3805, -0.4276, -0.2899]]]])