tensor([[[[ 8.8049e+00, -9.1163e-01, -3.9008e-01,  ..., -3.0880e-01,
           -9.3948e-01, -8.8392e-01],
          [ 9.3556e+00, -5.0740e-01, -1.7258e+00,  ...,  4.5714e+00,
           -7.2937e-01, -1.0501e+00],
          [ 2.1063e+01, -1.4173e+00, -2.2220e+00,  ..., -1.2955e+00,
           -1.3410e+00, -9.1366e-01],
          ...,
          [ 1.6519e+01, -9.8991e-01, -8.8769e-01,  ..., -1.5919e+00,
           -1.5926e+00, -2.0995e-02],
          [ 1.2485e+01, -8.5067e-01, -1.4593e+00,  ..., -9.0851e-01,
           -1.7540e+00, -5.5967e-01],
          [ 7.8472e+00, -2.5364e-01, -1.0341e+00,  ..., -2.2664e-01,
            4.5575e+00, -1.1264e+00]],

         [[-4.1381e-01, -7.2856e-02, -2.5048e-01,  ...,  3.6921e+00,
            1.7555e+00,  3.0852e+00],
          [-9.2829e-01, -9.1979e-01, -1.4394e-01,  ..., -3.1891e-01,
           -6.8997e-01, -7.8163e-01],
          [-8.5180e-01, -5.9611e-01, -5.3153e-01,  ..., -8.9514e-01,
           -1.0563e+00, -1.5026e+00],
          ...,
          [-7.5043e-01, -7.5730e-01, -7.5257e-01,  ..., -7.7056e-01,
           -1.4257e+00, -1.0518e+00],
          [-8.7699e-01, -1.1229e+00, -1.4262e+00,  ..., -1.0012e+00,
           -4.4037e-01, -9.2201e-01],
          [-4.8992e-01, -9.2223e-01, -1.2841e+00,  ..., -6.1052e-01,
           -9.0672e-01, -1.1575e+00]],

         [[-1.7388e+00, -1.3047e+00, -1.4813e+00,  ..., -5.2282e-01,
           -1.6693e+00, -1.8736e+00],
          [-1.0056e+00, -2.0278e+00, -1.0905e+00,  ..., -1.3504e+00,
           -1.0232e+00, -2.1810e+00],
          [-1.6510e+00, -1.5076e+00, -1.7374e+00,  ..., -6.6993e-01,
           -1.9347e+00, -1.7090e+00],
          ...,
          [-1.4375e+00, -1.2393e+00, -1.2176e+00,  ..., -1.4419e+00,
           -8.1090e-01, -1.2134e+00],
          [-1.9191e+00, -1.5129e+00, -1.2936e+00,  ..., -1.1139e+00,
           -2.0009e+00, -1.1977e+00],
          [-4.1655e-01, -6.2101e-01, -9.1713e-01,  ..., -9.6193e-01,
           -8.3834e-01, -1.1977e+00]],

         ...,

         [[-1.4402e+00, -1.8414e+00, -1.7059e+00,  ..., -1.7085e+00,
           -1.9905e+00, -3.9847e-01],
          [-2.3992e+00, -1.0921e+00, -1.3648e+00,  ..., -1.4742e+00,
           -1.5103e+00, -4.2045e-03],
          [-1.6708e+00, -1.5384e+00, -2.1397e+00,  ..., -1.6548e+00,
           -8.3127e-01, -6.0105e-01],
          ...,
          [-9.1284e-01, -1.3639e+00, -7.7577e-01,  ..., -1.2610e+00,
           -1.6202e+00, -8.5288e-01],
          [-7.5429e-01, -1.1639e+00, -1.6860e+00,  ..., -7.4735e-01,
           -2.9264e+00, -1.0611e+00],
          [-7.1162e-01, -2.4397e-01, -2.3965e-01,  ..., -3.0061e-01,
           -5.5560e-01, -5.4577e-01]],

         [[ 2.1775e+00,  8.3241e-01, -6.7407e-02,  ..., -9.6448e-02,
           -5.9153e-01, -7.0952e-02],
          [-6.1396e-01, -2.0324e-01, -9.4489e-02,  ..., -1.8345e-01,
           -5.2670e-01, -5.5341e-01],
          [ 1.6974e+00, -3.4572e-01, -5.6145e-01,  ...,  1.3431e+00,
           -9.3466e-01, -8.8563e-01],
          ...,
          [ 8.7235e-01, -8.9615e-01, -7.8796e-01,  ..., -7.9553e-01,
           -5.6468e-01, -4.6345e-01],
          [-6.1371e-01, -8.6467e-01, -1.0786e+00,  ..., -5.3009e-01,
           -1.3371e+00, -6.1423e-01],
          [ 3.0600e+00,  1.1078e+00, -7.0428e-01,  ..., -4.6921e-01,
           -2.6970e-01, -1.9676e-01]],

         [[-4.7615e-01, -1.0589e+00, -7.7023e-01,  ..., -1.0210e+00,
           -9.8543e-01, -1.1349e+00],
          [-2.9885e-01, -1.8108e+00, -7.3826e-01,  ..., -9.9075e-01,
           -1.4147e+00, -1.6900e+00],
          [-5.3850e-01, -1.0660e+00, -8.6580e-01,  ..., -1.3977e+00,
           -1.4894e+00, -1.5916e+00],
          ...,
          [-3.2461e-01, -1.1075e+00, -1.4452e+00,  ..., -1.5255e+00,
           -1.3908e+00, -1.4993e+00],
          [-5.5738e-01, -1.1152e+00, -1.0202e+00,  ..., -1.4861e+00,
           -1.4662e+00, -1.4326e+00],
          [-3.1504e-01, -1.0791e+00, -1.0428e+00,  ..., -1.1250e+00,
           -9.8600e-01, -9.2766e-01]]]])