tensor([[[[-0.4878,  1.6820,  1.1628,  ...,  1.7471, -0.4488, -1.1777],
          [ 1.5476,  0.8340,  1.2149,  ..., -0.2159, -2.3920, -1.1816],
          [-0.1841, -0.3761, -1.5108,  ...,  0.7079, -0.5677, -1.7631],
          ...,
          [ 0.2694, -0.0477,  0.1751,  ...,  1.0072, -1.0425,  0.7143],
          [-1.6728,  0.1116,  0.9772,  ...,  0.5150,  0.1199, -0.4727],
          [-0.5926, -0.5343,  0.2497,  ..., -0.3772, -0.8783, -0.0551]],

         [[-0.4587, -0.3768,  1.5871,  ..., -0.8162, -0.0913,  1.5932],
          [ 0.9811,  0.9461, -0.9343,  ...,  0.7439, -0.4490,  1.7981],
          [-0.8754, -0.4937, -1.2655,  ...,  1.1480,  0.5695,  0.4886],
          ...,
          [-0.3228,  2.4328,  0.0692,  ..., -1.0252,  1.0197, -0.0782],
          [-0.4779, -0.5918,  0.6294,  ...,  0.1618, -1.6080, -0.5791],
          [-2.8330, -1.4729,  0.8849,  ...,  0.6270, -0.4019, -0.9898]],

         [[ 0.3684,  1.2525,  0.2342,  ..., -1.3949,  0.4187, -0.1076],
          [ 1.4122,  0.1592, -1.5739,  ...,  0.6571, -1.4689, -1.4977],
          [ 0.3932, -1.9663,  0.5190,  ...,  0.0267,  1.0190,  0.3803],
          ...,
          [-0.7761,  0.5089, -1.9198,  ...,  1.2403, -0.4184,  0.8091],
          [ 0.9525, -1.4128,  1.2273,  ..., -2.2906,  0.3144, -0.6294],
          [-0.2462,  0.5683,  0.1520,  ...,  0.3222, -0.5193,  0.8015]]]])