tensor([[[[ 9.5577e-01,  8.5109e-01, -6.0371e-02,  ...,  4.9320e-01,
            1.6830e-01, -1.1112e-01],
          [-2.0264e-01, -4.8307e-03,  6.1344e-01,  ...,  4.8446e-02,
            2.8393e-01, -2.2748e-02],
          [-1.4842e-01, -1.2841e-01,  1.8969e+00,  ...,  1.5429e-01,
            3.5593e-01,  1.1010e+00],
          ...,
          [ 2.7894e-02,  1.6522e+00, -1.6526e-02,  ...,  1.3391e+00,
           -8.7675e-02, -6.2332e-02],
          [-8.1160e-02, -1.1267e-02,  2.2241e+00,  ...,  8.7893e-01,
            9.1293e-01, -1.4078e-01],
          [-1.1280e-01,  5.1031e-02, -1.5933e-01,  ...,  8.5902e-02,
           -7.8163e-02, -6.2085e-02]],

         [[ 3.1930e-01,  1.3013e-01,  7.4204e-01,  ...,  9.1046e-01,
           -6.6561e-02,  4.3767e-01],
          [ 7.7170e-01, -3.1363e-01, -1.2320e-01,  ..., -4.3463e-02,
           -2.2602e-01, -5.2643e-02],
          [ 2.3691e+00,  9.5685e-03, -2.4472e-02,  ..., -4.0241e-02,
            1.4684e-01, -6.1081e-02],
          ...,
          [-1.0808e-01, -1.4633e-01,  4.4676e-01,  ..., -3.3182e-02,
           -5.0164e-03, -7.8461e-02],
          [ 1.1900e+00, -1.7216e-01, -1.0219e-01,  ..., -4.7602e-02,
            1.5471e+00, -2.0050e-01],
          [ 8.2217e-01, -1.0198e-01,  1.3143e+00,  ..., -1.0951e-01,
            1.0656e+00,  1.5401e-02]],

         [[ 6.2814e-01,  1.8416e-01,  7.6107e-01,  ...,  1.7824e+00,
            2.7889e+00,  8.9293e-01],
          [-4.8277e-02,  9.3283e-02, -2.9014e-02,  ..., -1.6254e-02,
            8.7979e-01, -2.4330e-01],
          [-7.8701e-02,  4.6454e-01, -1.1678e-02,  ..., -2.1907e-01,
           -1.1226e-02,  5.5861e-02],
          ...,
          [ 3.3285e-01,  1.4957e+00,  2.9656e-01,  ...,  4.1401e-01,
           -6.6971e-03, -8.9425e-03],
          [-7.5961e-02,  3.9557e-02,  2.3901e-01,  ..., -4.6234e-02,
            2.4151e-01, -1.2740e-01],
          [-1.9902e-01, -6.1915e-02, -1.7362e-01,  ..., -7.8345e-02,
           -1.7208e-01, -4.9479e-02]],

         ...,

         [[ 8.1248e-01,  1.1970e+00,  1.1197e+00,  ...,  1.5142e+00,
            2.1895e+00,  4.3422e-01],
          [-1.2555e-02, -7.3748e-02, -1.3763e-01,  ...,  4.7101e-01,
            5.0608e-01, -7.3614e-02],
          [-3.9848e-02, -5.2107e-02,  2.8002e-01,  ...,  7.3974e-01,
           -7.0879e-03,  7.5326e-01],
          ...,
          [-1.1226e-01,  3.7842e-01, -4.0424e-02,  ..., -8.3383e-02,
            1.6923e+00, -1.0976e-01],
          [-1.0816e-01, -5.6900e-02,  9.2062e-02,  ..., -1.1198e-01,
            1.3632e+00, -1.5104e-01],
          [-4.2774e-02, -1.2271e-01, -2.2421e-01,  ..., -1.6691e-01,
           -2.3071e-01, -2.0311e-01]],

         [[-5.6441e-02, -2.1656e-02,  1.5642e+00,  ...,  5.0462e-02,
            2.5619e+00, -6.5049e-02],
          [-2.2114e-01, -1.1223e-01,  8.0268e-01,  ..., -1.7943e-01,
            7.4501e-01, -1.1350e-01],
          [-5.3547e-03, -1.3283e-02,  1.0279e+00,  ..., -1.2573e-01,
           -1.0485e-01, -1.2253e-01],
          ...,
          [ 2.6277e-01, -5.7336e-02,  7.6569e-01,  ..., -6.0101e-02,
            9.4923e-01, -2.9218e-02],
          [-6.7176e-03, -9.4723e-02, -1.6412e-01,  ...,  9.0143e-01,
            5.3347e-01,  9.5942e-02],
          [ 7.3402e-01,  6.6034e-01,  8.9667e-01,  ..., -1.9920e-03,
           -8.6063e-02, -9.1418e-02]],

         [[ 2.8529e-01,  1.2612e-03, -4.3458e-02,  ..., -6.2150e-02,
           -1.0720e-02,  5.0843e-02],
          [ 5.7640e-01,  3.8676e-01,  2.6650e-01,  ...,  7.2100e-02,
            3.5679e-01, -5.5543e-02],
          [ 1.9026e+00, -3.1452e-02,  2.2555e+00,  ..., -9.4939e-02,
           -3.6300e-02, -2.9278e-02],
          ...,
          [ 2.3938e+00, -4.8740e-02,  4.5618e-01,  ..., -3.6552e-02,
            1.1501e-01, -4.6105e-02],
          [ 2.0573e+00, -1.3214e-01, -9.7807e-02,  ...,  3.3611e-01,
            3.4150e-01, -1.1929e-01],
          [ 6.8520e-01,  2.7786e-01, -8.6005e-02,  ...,  2.4574e-01,
            1.9437e+00, -5.0348e-02]]]], grad_fn=<LeakyReluBackward1>)