tensor([[[[ 0.0387,  0.0669,  0.0858],
          [-0.0355, -0.0759, -0.0822],
          [-0.0221, -0.1386, -0.1334]],

         [[ 0.0829,  0.0063, -0.0453],
          [-0.0393, -0.1503, -0.1837],
          [ 0.0272, -0.1280, -0.1260]],

         [[ 0.1359,  0.1304,  0.0628],
          [ 0.0523,  0.0026, -0.0478],
          [ 0.0410, -0.0842, -0.1045]]],


        [[[-0.0267,  0.0056,  0.0661],
          [-0.0238,  0.2394,  0.0153],
          [ 0.0600,  0.0496,  0.0590]],

         [[ 0.0285, -0.0104,  0.0727],
          [-0.0141,  0.2910,  0.0033],
          [ 0.0404, -0.0015,  0.0305]],

         [[ 0.1756,  0.0976,  0.1249],
          [ 0.0697,  0.1587,  0.0100],
          [ 0.0874, -0.0231,  0.0610]]],


        [[[ 0.1652,  0.1223,  0.0443],
          [ 0.1638,  0.1534,  0.0847],
          [ 0.0482,  0.0863,  0.0515]],

         [[ 0.0493,  0.0523,  0.0889],
          [ 0.0408,  0.0238,  0.0603],
          [ 0.0247,  0.0267,  0.0377]],

         [[-0.1678, -0.1752, -0.0077],
          [-0.2311, -0.3010, -0.1418],
          [-0.0868, -0.1596, -0.1099]]],


        [[[ 0.1730,  0.1967,  0.0745],
          [ 0.2452,  0.3346,  0.2176],
          [ 0.1208,  0.2421,  0.1825]],

         [[-0.1148, -0.1517, -0.0760],
          [-0.2223, -0.2884, -0.1941],
          [-0.1668, -0.2362, -0.1597]],

         [[-0.0182, -0.0233,  0.0088],
          [-0.0280, -0.0666, -0.0415],
          [ 0.0298, -0.0200, -0.0348]]],


        [[[-0.2288, -0.3711, -0.2249],
          [-0.0091,  0.0221,  0.0142],
          [ 0.2160,  0.3795,  0.1812]],

         [[-0.3344, -0.4264, -0.2745],
          [ 0.0047,  0.1092,  0.0591],
          [ 0.2649,  0.4035,  0.1909]],

         [[-0.1276, -0.2492, -0.0825],
          [-0.0143,  0.0346,  0.0356],
          [ 0.1343,  0.1756,  0.0890]]],


        [[[ 0.5716,  0.2117, -0.1531],
          [ 0.3549, -0.0488, -0.3661],
          [ 0.0973, -0.2200, -0.5504]],

         [[-0.1843, -0.0781, -0.0310],
          [-0.0269,  0.0367,  0.0440],
          [ 0.0202,  0.0469,  0.1637]],

         [[-0.3878, -0.1652,  0.0685],
          [-0.3019, -0.0232,  0.3232],
          [-0.1044,  0.1083,  0.5093]]],


        [[[ 0.1227,  0.5206, -0.0489],
          [-0.1153,  0.2754, -0.2727],
          [-0.1416, -0.2023, -0.1735]],

         [[ 0.0952,  0.5897, -0.0794],
          [-0.1027,  0.3864, -0.2839],
          [-0.1884, -0.1710, -0.2163]],

         [[ 0.0072,  0.3709,  0.0080],
          [-0.1401,  0.2022, -0.1613],
          [-0.0991, -0.1076, -0.0782]]],


        [[[-0.0162, -0.2154, -0.0128],
          [-0.0311, -0.1507, -0.0374],
          [ 0.0151,  0.0727, -0.0300]],

         [[ 0.1179, -0.2273,  0.0806],
          [ 0.0083, -0.1544,  0.0046],
          [-0.0099,  0.1162, -0.0469]],

         [[ 0.0650, -0.1299,  0.1196],
          [-0.0580, -0.1447,  0.0120],
          [-0.0268,  0.0378, -0.0323]]],


        [[[ 0.1370,  0.0313,  0.0580],
          [ 0.0040, -0.2168,  0.0858],
          [ 0.0045, -0.3308,  0.0465]],

         [[ 0.1205,  0.0574,  0.0678],
          [ 0.0133, -0.1707,  0.0749],
          [ 0.0350, -0.2424,  0.0665]],

         [[-0.0576, -0.0789, -0.0487],
          [-0.0195, -0.1694, -0.0135],
          [ 0.0539, -0.1747,  0.0229]]],


        [[[-0.5668,  0.0988,  0.4845],
          [-0.7940,  0.0058,  0.7385],
          [-0.5462,  0.0989,  0.4940]],

         [[-0.5913,  0.1388,  0.4837],
          [-0.8924,  0.0341,  0.7851],
          [-0.5358,  0.1349,  0.4217]],

         [[-0.3103,  0.1224,  0.2000],
          [-0.4758,  0.0608,  0.3736],
          [-0.2999,  0.1362,  0.2156]]],


        [[[ 0.4274,  0.6970,  0.3762],
          [ 0.0223,  0.0228, -0.0228],
          [-0.4516, -0.6725, -0.3812]],

         [[ 0.4942,  0.7816,  0.3921],
          [ 0.0378,  0.0113, -0.0436],
          [-0.5006, -0.7898, -0.4254]],

         [[ 0.3148,  0.4928,  0.2434],
          [ 0.0453,  0.0139, -0.0421],
          [-0.3179, -0.4931, -0.2625]]],


        [[[ 0.4869, -0.1743, -0.3302],
          [ 0.7301, -0.3527, -0.4570],
          [ 0.5527, -0.1086, -0.3174]],

         [[ 0.6236, -0.1680, -0.4652],
          [ 0.9028, -0.4012, -0.6406],
          [ 0.5753, -0.1047, -0.3453]],

         [[ 0.4136, -0.0870, -0.3313],
          [ 0.5669, -0.2276, -0.4030],
          [ 0.4186, -0.0394, -0.2889]]],


        [[[-0.0475, -0.1601, -0.0395],
          [-0.2507, -0.3899, -0.2080],
          [-0.1120, -0.3323, -0.1664]],

         [[ 0.1532,  0.1186,  0.1303],
          [ 0.0777,  0.0606,  0.1156],
          [ 0.0953,  0.0093,  0.0758]],

         [[ 0.1750,  0.0805,  0.1016],
          [ 0.0940,  0.0395,  0.1030],
          [ 0.0994,  0.0365,  0.1237]]],


        [[[ 0.0659,  0.3776,  0.3208],
          [-0.1993, -0.7460, -0.6048],
          [ 0.1101,  0.3719,  0.2913]],

         [[ 0.1223,  0.5016,  0.4281],
          [-0.2689, -0.9910, -0.7938],
          [ 0.1413,  0.4995,  0.3838]],

         [[ 0.0504,  0.2434,  0.1973],
          [-0.1176, -0.5268, -0.4200],
          [ 0.0694,  0.2735,  0.2017]]],


        [[[-0.5368, -0.7475, -0.4435],
          [-0.0449, -0.0104,  0.0767],
          [ 0.5265,  0.7786,  0.4035]],

         [[-0.4897, -0.7817, -0.4382],
          [-0.0033,  0.0149,  0.0826],
          [ 0.4653,  0.7776,  0.3357]],

         [[-0.3099, -0.4927, -0.3030],
          [ 0.0240,  0.0182,  0.0627],
          [ 0.3248,  0.4857,  0.2070]]],


        [[[-0.0410, -0.0748,  0.0134],
          [ 0.0135, -0.0977,  0.0862],
          [-0.0273, -0.1328, -0.0078]],

         [[-0.0599, -0.2410, -0.0115],
          [-0.1439, -0.4470, -0.0553],
          [-0.1037, -0.3477, -0.0804]],

         [[ 0.2152,  0.1390,  0.2107],
          [ 0.2541,  0.1082,  0.2770],
          [ 0.2261,  0.1250,  0.2018]]]])