tensor([[[[-1.4948e-02, -3.0600e-02,  1.2205e-02],
          [-4.8629e-02, -6.0546e-02,  1.5607e-02],
          [-3.9261e-02, -1.8390e-02,  2.5412e-02]],

         [[ 3.1495e-03,  3.6355e-02,  3.5715e-03],
          [-1.1619e-02, -4.0970e-03, -1.4028e-02],
          [ 9.4636e-03,  1.5662e-02,  1.8508e-03]],

         [[-1.1617e-02, -3.9757e-02, -4.9311e-02],
          [-6.7916e-03, -4.5999e-02, -3.4489e-02],
          [-1.3696e-02, -3.2234e-02, -2.3996e-02]],

         ...,

         [[ 1.1006e-02, -1.8301e-02, -8.6152e-03],
          [-6.3784e-03, -2.8397e-02, -2.5923e-02],
          [-1.5800e-03, -1.1175e-02, -6.8086e-03]],

         [[-1.1098e-02, -6.4653e-02, -3.1063e-02],
          [-3.5007e-02, -9.2824e-02, -3.4844e-02],
          [-4.8731e-02, -8.7331e-02, -1.8126e-02]],

         [[ 6.4513e-03, -2.6673e-02,  1.3149e-02],
          [-2.7169e-02, -3.8385e-02,  9.8414e-03],
          [-4.3317e-02, -2.6155e-02,  8.5952e-04]]],


        [[[ 1.4652e-02,  4.0541e-02,  5.7768e-02],
          [ 5.8678e-02,  2.1441e-02,  1.6365e-02],
          [-1.4856e-02, -4.2115e-02, -2.3731e-02]],

         [[ 8.1858e-03,  3.2968e-02,  1.5431e-02],
          [ 1.9715e-02,  2.4204e-02,  1.6265e-02],
          [ 1.8303e-02,  2.0683e-02,  3.9588e-03]],

         [[ 2.3704e-02,  5.8126e-02,  2.8320e-02],
          [ 4.0739e-02,  5.9659e-02,  4.9416e-02],
          [-1.2058e-02,  5.0379e-03,  3.3645e-03]],

         ...,

         [[-1.1580e-02, -7.4290e-02, -4.4754e-02],
          [-3.5952e-02, -6.7673e-02, -6.0341e-02],
          [-1.3257e-02, -5.6294e-02, -1.6198e-02]],

         [[-4.6535e-02, -4.5128e-02, -2.6314e-02],
          [-2.5370e-02, -4.9551e-02, -3.8949e-02],
          [-2.2311e-02, -5.9268e-02, -1.3188e-02]],

         [[ 5.6656e-03,  1.4296e-02,  7.1502e-04],
          [-2.8029e-02, -2.9535e-02, -1.4473e-02],
          [-1.1757e-02, -1.0837e-02, -1.0354e-03]]],


        [[[-1.2692e-02, -2.8362e-02,  6.0592e-02],
          [-5.1410e-02, -5.6649e-02,  3.1169e-02],
          [-6.4989e-02, -5.3496e-02,  7.9128e-03]],

         [[-1.6288e-03,  4.4936e-02,  2.8049e-02],
          [ 6.0583e-03,  3.5813e-02,  1.0502e-02],
          [ 1.9744e-03,  3.3100e-02,  6.8890e-03]],

         [[ 4.0359e-02,  1.6945e-02,  1.7764e-02],
          [ 4.1454e-02,  6.5177e-02,  2.4412e-02],
          [ 1.8721e-02,  1.2315e-02,  1.5813e-02]],

         ...,

         [[ 1.8185e-02, -7.7052e-03,  1.2345e-02],
          [-1.7768e-03, -8.0729e-02, -1.6111e-02],
          [-2.4682e-02, -2.4949e-02,  6.5709e-02]],

         [[-2.5350e-02,  1.7584e-02, -6.8110e-03],
          [-3.9312e-03,  2.1027e-02, -5.8427e-03],
          [-2.0151e-02, -5.2824e-03,  3.5338e-03]],

         [[ 5.9008e-03,  1.7562e-02,  1.8511e-02],
          [-3.8289e-02,  7.8994e-03, -1.7078e-02],
          [-5.8030e-02, -3.6582e-02, -1.3613e-02]]],


        ...,


        [[[ 3.7473e-02, -1.1997e-02, -7.2273e-02],
          [-4.2259e-02, -3.2958e-02, -4.1662e-02],
          [-8.8592e-02,  2.9130e-03,  6.3977e-02]],

         [[-3.9930e-02, -3.8264e-02, -2.2344e-02],
          [-9.5538e-03, -1.8755e-02, -1.0377e-02],
          [-4.8910e-03,  3.0862e-02,  4.3386e-03]],

         [[ 1.6486e-02,  8.8099e-03,  3.9451e-03],
          [ 2.5495e-02,  2.4767e-02, -2.0535e-04],
          [-1.9353e-02, -1.3128e-02, -1.2083e-02]],

         ...,

         [[ 1.3573e-02, -5.8799e-04,  1.6414e-02],
          [-1.0577e-02, -5.0006e-02, -1.4488e-02],
          [-2.9750e-02, -5.2195e-02, -3.0499e-02]],

         [[-2.7111e-02,  1.1843e-02,  2.2026e-02],
          [-3.1556e-03,  2.9841e-02,  1.2176e-02],
          [-2.1104e-02, -1.5934e-02,  3.0629e-02]],

         [[ 1.1640e-02,  1.8243e-02, -1.0358e-02],
          [-1.7715e-06, -2.1876e-02, -1.9333e-02],
          [-2.2098e-02, -1.9035e-02, -1.6924e-02]]],


        [[[ 2.0431e-02, -6.9498e-02, -1.3576e-02],
          [ 5.7259e-02, -3.3823e-02,  1.6562e-02],
          [-4.8823e-03, -4.9062e-02, -4.5942e-04]],

         [[-3.0581e-02, -8.1235e-03, -4.1780e-02],
          [-2.9025e-02, -7.5894e-03, -2.8432e-02],
          [-5.5323e-04,  4.7753e-02, -2.5150e-02]],

         [[-4.9793e-02, -1.6006e-02, -2.9161e-02],
          [-3.4289e-03,  8.6906e-03, -2.0673e-03],
          [-7.2304e-03, -2.7950e-03, -2.9458e-02]],

         ...,

         [[ 4.9086e-03, -2.2153e-02, -2.1075e-02],
          [-3.3255e-02, -2.9213e-02, -6.3146e-02],
          [-1.0031e-02, -5.4756e-02, -3.7356e-02]],

         [[ 3.0844e-02,  1.9698e-02, -1.6674e-02],
          [-1.5415e-02, -6.2819e-04,  1.3625e-02],
          [-1.7766e-02, -1.6683e-02,  8.6292e-03]],

         [[ 4.2730e-02,  4.8925e-02,  6.1866e-03],
          [-1.0874e-02, -1.0764e-01, -2.7849e-02],
          [ 5.8953e-03, -2.0252e-02,  2.2937e-03]]],


        [[[-6.2439e-02,  5.2019e-02, -3.0769e-02],
          [ 5.1820e-02,  7.4867e-02, -2.1130e-02],
          [ 9.8776e-02,  1.2003e-02,  2.3094e-02]],

         [[ 1.0250e-02, -5.7330e-03, -2.3176e-02],
          [ 2.3621e-02, -1.4805e-02,  1.0105e-02],
          [ 2.1340e-02, -1.5460e-02,  5.2293e-05]],

         [[-2.2840e-02,  3.6221e-03, -9.1442e-03],
          [-5.7209e-03, -2.4600e-04, -1.7553e-02],
          [-1.5594e-02,  9.1310e-03, -1.3809e-02]],

         ...,

         [[ 1.5225e-02, -1.2074e-01, -7.1375e-02],
          [-2.7620e-03, -1.7416e-01,  2.3015e-02],
          [-1.0700e-01, -1.3255e-01,  4.3521e-02]],

         [[-4.7695e-02,  4.5713e-03,  7.3659e-03],
          [-2.3790e-02,  4.0305e-02, -2.1385e-02],
          [ 1.5959e-02,  1.0474e-02, -2.0212e-02]],

         [[-8.6465e-03,  2.1868e-02, -3.0386e-02],
          [ 1.4864e-02, -1.2417e-02, -5.5174e-02],
          [ 5.6876e-03,  6.1053e-03, -1.3572e-02]]]])