tensor([-0.1955, -0.4274, -0.5814, -0.8746, -0.9519, -0.4369, -0.6051, -0.8660,
        -0.9307, -0.6230, -1.0403, -0.6748, -0.3206, -0.6047, -0.6521, -0.8452,
        -0.5070, -0.4839, -0.8825, -0.7576, -1.3595, -0.4861, -0.5964, -0.5179,
        -0.8845, -0.6332, -0.2873, -0.4512, -1.2338, -0.8542, -0.8516, -0.6323,
        -0.6853, -0.5692, -0.9840, -0.8184, -0.6793, -0.6737, -0.4921, -0.1948,
        -0.7429,  0.3634, -1.2768, -0.6300, -0.7050, -0.9912, -0.2652, -0.5000,
        -0.7423, -0.2397, -0.5134, -0.5100, -0.4842, -0.5224, -0.3503, -0.9988,
        -0.7445, -0.6766, -0.6371, -0.2560, -0.4570, -0.4747, -0.5234, -1.0218,
        -0.2739, -0.5407, -0.4718, -0.7329, -0.5139, -0.4809, -0.1491,  0.2027,
        -0.4714, -1.1565, -0.4941, -0.6284, -0.9563, -0.8646, -0.6297, -0.4609,
        -0.8160, -0.7306, -0.1129, -0.4199, -0.6051, -0.2563, -0.4228, -1.0425,
        -0.9091, -0.5615, -0.7019, -0.3102, -0.6850, -0.0679, -0.7605, -0.4477,
        -0.9193, -0.5933, -0.8145,  0.0037, -0.5637, -0.4789, -0.5340, -0.7926,
        -0.5436, -0.8594, -0.5124,  0.0457, -0.4212, -0.6333, -0.5052, -0.1875,
        -0.5567, -0.4976, -0.7514, -0.4350, -0.6812, -0.8568, -0.6515, -0.1058,
        -0.7037, -0.6733, -0.7570, -0.5765, -0.2099, -0.1717, -0.7686, -0.3063,
        -0.4856, -0.2771, -0.3409, -0.4643, -0.6113,  0.2769, -0.5767, -0.3957,
        -0.4676, -0.5057, -0.6126, -0.2170, -0.6472, -0.8574, -0.6169, -0.4489,
        -0.5127, -0.8382, -0.4194, -0.3703, -0.2506, -0.4192, -0.0668, -0.2537,
        -0.1666, -0.6390, -0.8537, -0.9046, -0.8344, -0.6364, -0.8245, -0.4431,
        -0.4222, -0.8290, -0.8219, -0.9142, -0.6586, -0.5883, -1.0537, -0.5394,
         1.1125, -0.1452,  0.1962, -1.1006, -0.8106, -0.4169, -1.3049, -0.3145,
         0.2899, -0.7156, -1.7085, -0.5848, -0.3307, -0.7060, -0.3433, -0.7472,
        -0.7012, -0.4237, -0.5672, -0.5847, -0.4336, -0.8653, -0.4483, -0.5664,
        -0.7296, -1.3144, -0.6415, -0.1495, -0.6721, -0.1644, -0.6190, -0.7330,
        -0.2531, -0.4884, -0.3701, -0.5922, -0.7130, -0.4877, -0.3182,  0.3480,
        -0.4602, -0.2132, -0.3224, -0.2873, -0.9690, -0.8406,  0.1314, -0.1395,
        -0.6815, -0.3681, -0.3386, -0.5055, -0.5154,  0.0735, -1.0849, -0.4285,
        -0.6708, -0.3783, -0.3205, -0.6029, -0.7257, -0.5963, -0.5340, -0.8093,
        -0.6162, -0.4947, -0.8100, -0.4092, -0.4604, -0.2589, -0.7528, -0.3232,
        -0.9671, -0.4512, -0.3620, -0.8282, -0.5012, -0.1962, -0.6568, -0.4265,
        -0.3369, -0.2720, -0.0997, -0.2804, -0.4211, -0.1657, -0.6670, -0.8177,
        -0.4629,  0.4215,  0.0920, -0.6067, -0.6918, -1.3006, -0.7831, -0.2833,
        -0.8711,  0.0864, -0.9193, -0.9523, -0.2548, -1.0175, -0.4133, -0.3278,
        -0.2787, -0.5225, -0.6576, -0.7479, -0.5039, -0.3357, -0.8186, -0.7011,
        -1.5404, -0.7761, -0.5812, -1.0438, -0.7203, -0.7626, -0.6836, -1.4151,
        -0.4017, -0.6535, -0.4458, -0.4124, -0.4434, -0.7093, -0.4162, -0.3855,
        -0.4659, -1.3419, -0.5928, -1.3815, -0.7072, -0.3932,  0.6209,  0.6611,
        -0.8284, -0.8977, -0.9447, -0.6055, -0.3076, -0.3847, -0.2795, -0.4737,
         0.1323, -0.3337, -0.4535, -0.3040, -0.3474, -0.3768, -1.0284, -0.7738,
        -0.7099, -0.9182, -0.8186, -1.1782, -0.5559, -0.5447, -0.2116, -0.7079,
         0.2481, -0.7522, -1.0809, -0.6451, -1.1029, -0.4917, -0.6368, -0.2416,
        -0.3082, -0.2233, -0.7623, -0.8982, -0.6685, -1.2066, -0.6110, -0.8821,
        -0.9315, -0.0725, -0.7284, -0.9314, -0.0688, -0.7697, -0.7969, -0.5605,
        -0.4004, -0.6476, -0.5195, -0.4377, -0.8199, -0.1040, -0.1332, -0.3124,
        -0.8521, -0.4003, -0.7176, -0.3899, -0.5824, -0.5339, -0.2446,  0.0352,
         0.1011,  0.1171, -0.6056, -0.9819, -0.3699, -0.4479, -0.7223, -0.3186,
        -0.3190, -0.4508, -1.1054, -0.8153, -0.4027, -1.0607, -0.2669, -0.5800,
        -0.2608, -0.8093, -0.5941, -0.9774, -0.6817, -0.4310, -0.9620, -0.2833,
        -1.1927, -0.4641, -0.6716, -0.5966, -1.4043, -0.4434, -0.8219, -0.2380,
         0.1376, -1.0562, -0.9100, -0.5222, -0.7977,  0.1195, -0.6672, -0.4345,
        -1.1025, -0.7833, -0.8241, -0.9322, -0.6185, -0.7940, -1.0874, -0.3761,
        -0.7493, -0.4515, -0.4666, -0.2766, -0.3894, -0.8108, -0.6301, -0.6873,
         0.0047, -0.5680, -0.8706, -1.1208,  0.2588,  0.0844, -0.4468, -0.6560,
        -0.4462, -0.9488, -0.4930, -0.7418, -0.4995, -0.3321, -0.8295, -0.5709,
        -0.1411, -0.4410, -0.1295, -0.6028, -0.9322, -0.5691, -0.4916,  0.0946,
        -0.4013, -1.0703,  0.5822, -0.2023, -0.4902, -0.3786, -0.1746, -0.3033,
        -0.5145, -0.6276,  0.3394, -0.1656, -0.0222, -0.7730, -0.4640, -0.9902,
        -0.3653, -1.0674, -0.4980, -0.2954, -0.7376, -0.6670, -0.4726, -0.5645,
        -0.0124, -0.9849, -0.5178, -0.2737, -0.6784, -0.6379, -0.4770, -0.3993,
        -0.1983, -0.4884, -0.7035, -0.4992, -0.8464, -0.6180, -0.5886, -0.2481,
        -0.6995, -0.7039, -0.5511, -0.7154, -0.7703, -0.6766, -1.4407, -0.8815,
         0.0834, -0.7424, -0.5101, -0.3036, -1.0326, -0.4824, -0.6557, -0.2322,
        -0.1115,  0.1376, -1.2260, -1.2285, -0.6023, -0.9195, -0.1616, -0.8319])