tensor([[[[ 7.2673e+00,  4.4097e+00,  7.2459e+00,  ...,  2.9362e+00,
            6.1098e+00,  1.0800e+01],
          [ 1.0513e+01,  1.0694e+01,  6.7162e+00,  ...,  1.0907e+01,
            1.2298e+01,  7.0547e+00],
          [ 2.6833e+00,  4.3032e-01,  8.4374e+00,  ...,  1.8123e+01,
            1.0704e+01,  6.2141e+00],
          ...,
          [ 8.6179e+00,  5.6613e+00,  4.1641e+00,  ...,  8.7756e+00,
            9.1034e+00,  1.1633e+01],
          [ 3.4922e+00,  9.0293e-01,  1.0088e+01,  ...,  1.0908e+01,
            1.0002e+01,  4.2312e+00],
          [ 4.7204e+00,  4.1937e+00,  1.1791e+01,  ...,  6.1246e+00,
           -2.2234e-03,  7.5395e+00]],

         [[-5.5396e-01, -7.9119e-01, -3.8385e-01,  ..., -9.4934e-01,
           -8.0397e-01, -1.2468e+00],
          [-1.3149e+00, -1.0125e+00, -1.1164e+00,  ..., -5.3050e-01,
           -1.0787e+00, -6.3348e-01],
          [-1.1776e+00, -1.0053e+00, -1.4129e+00,  ..., -9.7715e-01,
           -1.1462e+00, -1.0609e+00],
          ...,
          [-8.5352e-01, -5.6434e-01, -1.2290e-02,  ..., -2.1423e-01,
            1.7160e+00, -4.5450e-01],
          [-6.3131e-01, -7.1926e-01,  3.9395e+00,  ..., -2.6935e-01,
           -2.0163e-01,  1.8594e+00],
          [-8.9345e-01, -1.1448e+00, -1.2644e+00,  ..., -7.0183e-01,
           -1.2550e+00, -3.8398e-01]],

         [[ 2.1471e+00,  7.9575e-01,  1.7145e+00,  ...,  3.8551e+00,
            5.1594e+00,  6.1961e+00],
          [ 3.4339e+00,  1.8972e+00,  1.6145e+00,  ...,  3.9991e+00,
            4.0939e+00,  3.0643e+00],
          [ 5.0471e+00,  2.4734e+00,  3.3575e+00,  ...,  2.4254e+00,
            5.1012e+00,  6.9446e+00],
          ...,
          [ 2.2097e+00,  1.2280e+00, -2.7673e-01,  ...,  2.8641e-01,
           -1.5103e-01, -3.8415e-01],
          [ 4.6105e-01,  5.0372e+00,  4.2852e+00,  ...,  1.0411e+00,
            3.9291e+00,  7.6470e-01],
          [ 3.9209e+00,  4.6427e-01,  1.6447e+00,  ...,  2.4421e+00,
            1.2092e+00,  2.0086e+00]],

         ...,

         [[ 6.8695e+01,  4.8043e+01, -5.4235e-01,  ...,  1.6477e+01,
            1.6798e+01,  4.7925e+01],
          [ 5.5847e+01,  3.7305e+01,  8.3256e+01,  ...,  7.9467e+01,
            3.2682e+01,  3.9197e+00],
          [ 4.7943e+01,  3.1918e+01,  5.4249e+01,  ...,  6.3215e+00,
            1.2663e+01,  1.7069e+01],
          ...,
          [ 3.6747e+01,  2.2283e+01,  5.4415e+01,  ...,  6.3124e+01,
            1.0694e+01,  3.7857e+01],
          [ 1.0142e+01,  1.6587e+01,  3.5311e+01,  ...,  1.7570e+01,
            4.8458e+01,  4.2977e+01],
          [-3.3014e-02,  1.6961e+01,  6.3164e+01,  ...,  1.2358e+01,
            7.0982e+00,  4.8638e+01]],

         [[ 1.5891e+01,  1.2815e+01,  1.6928e+01,  ...,  2.4012e+01,
            1.4100e+01,  3.1135e+01],
          [ 3.2674e+01, -5.7179e-01,  1.3679e+01,  ..., -8.0215e-01,
           -1.0125e+00,  4.5060e+01],
          [ 1.8288e+01,  3.4356e+01, -1.2441e-01,  ...,  1.1192e+01,
            9.9815e+00,  1.1223e+01],
          ...,
          [ 1.8479e+01, -5.7150e-01,  4.0138e+01,  ...,  2.1318e+01,
            4.0090e+01,  4.0401e+01],
          [ 3.7148e+01,  1.6035e+01, -1.3747e-01,  ...,  2.4862e+01,
            5.0521e-01,  3.3571e+01],
          [ 5.9279e+00,  1.4098e+01,  1.2547e+01,  ...,  6.7269e+00,
            1.9137e+01,  1.7065e-01]],

         [[-3.5648e-01,  6.3652e+00, -9.6306e-02,  ...,  5.4994e+00,
            3.2282e+00,  1.7674e+00],
          [-1.8060e-01,  1.0466e+01,  4.9816e+00,  ...,  8.0748e+00,
            9.7951e+00,  1.4259e+01],
          [-2.1438e-01,  7.4754e+00,  7.7224e+00,  ...,  9.8486e+00,
            1.7306e+00,  4.3064e+00],
          ...,
          [ 4.5844e+00,  3.5419e+00,  1.3384e+01,  ...,  1.2270e+01,
            1.2016e+01,  1.8649e+01],
          [ 5.9379e+00,  2.2295e+00,  4.1317e+00,  ...,  1.0640e+01,
            4.6371e+00,  1.2458e+01],
          [ 2.0936e+00,  4.5637e+00, -3.1739e-01,  ...,  2.7079e+00,
            7.3293e+00, -7.8779e-02]]]])