tensor([[[[-7.5335e-01, -9.6009e-01, -8.9901e-01,  ..., -1.0841e+00,
           -9.7787e-01,  2.1000e-01],
          [-5.1374e-01, -1.3005e+00, -8.3475e-01,  ..., -1.0976e+00,
           -9.2132e-01,  1.6748e-01],
          [-4.6922e-01, -9.6617e-01, -9.2261e-01,  ..., -7.5841e-01,
           -9.7476e-01, -1.2343e-03],
          ...,
          [-6.8451e-01, -1.0343e+00, -7.2894e-01,  ..., -9.1880e-01,
           -8.7220e-01,  4.5166e-01],
          [-6.8544e-01, -9.3771e-01, -9.1656e-01,  ..., -9.3188e-01,
           -9.8102e-01,  1.7447e+00],
          [-3.3245e-01, -8.8694e-01, -8.9756e-01,  ..., -9.5156e-01,
           -9.0265e-01,  1.9265e+00]],

         [[-5.5932e-01, -1.1715e+00, -1.0628e+00,  ..., -1.2954e+00,
           -1.1861e+00, -1.3239e+00],
          [-6.7003e-01, -1.5690e+00, -1.9575e+00,  ..., -1.5309e+00,
           -1.6561e+00, -1.6163e+00],
          [-5.6632e-01, -1.8109e+00, -1.9439e+00,  ..., -1.5953e+00,
           -1.5333e+00, -1.5684e+00],
          ...,
          [-6.8282e-01, -1.8711e+00, -1.7816e+00,  ..., -1.7252e+00,
           -1.9628e+00, -1.5070e+00],
          [-3.8422e-01, -1.5964e+00, -1.7474e+00,  ..., -1.8029e+00,
           -1.7549e+00, -1.7321e+00],
          [-4.8707e-01, -1.1681e+00, -1.3056e+00,  ..., -1.0841e+00,
           -1.2527e+00, -1.2979e+00]],

         [[-8.6004e-01, -5.2221e-01, -7.0518e-01,  ..., -8.9012e-01,
           -6.7985e-01, -5.7478e-01],
          [-4.5156e-01, -2.6353e-01, -2.9046e-01,  ..., -1.9618e-01,
           -2.5897e-01, -4.4326e-01],
          [-4.2872e-01, -3.9597e-01, -3.1862e-01,  ..., -2.9299e-01,
           -3.8327e-01, -7.1732e-01],
          ...,
          [-5.4954e-01, -4.0898e-01, -3.9167e-01,  ..., -2.3372e-01,
           -3.3462e-02, -5.7005e-01],
          [-5.8680e-01, -3.8684e-01, -3.1631e-01,  ..., -3.0311e-01,
           -8.8001e-02, -5.4903e-01],
          [-8.0091e-01, -5.7550e-01, -4.8243e-01,  ..., -7.0288e-01,
           -7.0907e-01, -5.3848e-01]],

         ...,

         [[ 2.4312e+00,  1.0656e+00, -4.0302e-03,  ..., -4.1933e-03,
           -5.8276e-02,  2.6074e+00],
          [ 1.1275e+00, -7.2516e-02, -5.4582e-02,  ..., -1.8465e-01,
           -1.2195e-01,  1.4097e+00],
          [ 8.7307e-01, -6.2758e-03, -9.5419e-02,  ..., -1.6476e-02,
           -4.8294e-02,  1.3532e+00],
          ...,
          [-1.9897e-02, -1.6713e-01, -1.7313e-02,  ..., -1.2885e-02,
           -3.8838e-02,  8.7904e-01],
          [ 8.5004e-01,  1.3177e-01, -1.5061e-01,  ..., -1.0049e-01,
           -9.0385e-02,  5.7086e-01],
          [-1.0846e-02, -7.8593e-02, -9.1776e-02,  ..., -1.1969e-01,
           -1.0898e-01, -2.8694e-02]],

         [[-7.7751e-01, -5.8172e-01, -6.7583e-01,  ..., -7.6953e-01,
           -3.3929e-01, -1.3568e-01],
          [-1.0999e+00, -1.3295e+00, -1.3363e+00,  ..., -1.3518e+00,
           -1.1842e+00, -7.4592e-01],
          [-1.2390e+00, -1.3511e+00, -1.2179e+00,  ..., -1.2554e+00,
           -1.2000e+00, -6.5099e-01],
          ...,
          [-1.2254e+00, -1.2350e+00, -1.1648e+00,  ..., -1.3864e+00,
           -1.3498e+00, -6.5345e-01],
          [-1.2154e+00, -1.2000e+00, -1.1268e+00,  ..., -1.2847e+00,
           -1.3166e+00, -5.9781e-01],
          [-6.6044e-01, -9.8798e-01, -9.7555e-01,  ..., -1.1227e+00,
           -1.0205e+00, -6.0777e-01]],

         [[-4.5945e-01, -6.2176e-01, -5.9251e-01,  ..., -6.1164e-01,
           -7.1980e-01, -6.0721e-01],
          [-4.2638e-01, -7.3352e-01, -7.0444e-01,  ..., -7.1062e-01,
           -7.8451e-01, -8.3149e-01],
          [-3.6251e-01, -6.2895e-01, -5.9576e-01,  ..., -5.6932e-01,
           -6.1540e-01, -8.3555e-01],
          ...,
          [-3.9428e-01, -8.6726e-01, -7.7971e-01,  ..., -8.0667e-01,
           -8.3004e-01, -7.4028e-01],
          [-3.4600e-01, -7.8568e-01, -9.7685e-01,  ..., -7.3344e-01,
           -7.5025e-01, -8.1315e-01],
          [-1.6447e-01, -3.0657e-01, -3.8413e-01,  ..., -4.7819e-01,
           -4.7834e-01, -3.3969e-01]]]])