tensor([[[[-2.2805, -2.7774, -2.6611,  ..., -2.6633, -2.3489, -1.0668],
          [-1.5865, -1.6608, -1.3442,  ..., -0.9578, -1.2487, -0.4979],
          [-1.0654, -1.0791, -0.7207,  ..., -0.4091, -1.0310, -0.4543],
          ...,
          [-0.4271, -0.2515, -0.0522,  ..., -0.4644, -0.6663,  0.6874],
          [-0.4220, -0.4640, -0.5253,  ..., -0.6081, -0.7724, -0.0240],
          [-1.3336, -1.8299, -1.6016,  ..., -1.3785, -1.5759, -0.7667]],

         [[ 3.5603, -0.2136, -0.7308,  ..., -1.1447, -0.6463, -0.2906],
          [ 1.6155, -0.8804, -1.5839,  ..., -2.5067, -2.0306, -1.0941],
          [-0.0760, -1.0747, -1.6820,  ..., -2.5531, -2.3766, -1.3475],
          ...,
          [-0.8194, -1.8393, -2.2346,  ..., -3.0187, -3.0401, -2.0202],
          [-0.9237, -2.2307, -3.0002,  ..., -3.1028, -3.1338, -2.0030],
          [-0.3637, -1.3189, -2.1072,  ..., -1.8211, -1.9151, -1.1510]],

         [[-2.5937, -3.7884, -3.4875,  ..., -3.1949, -2.2449, -1.5600],
          [-4.1391, -5.1673, -4.3349,  ..., -4.1193, -2.8033, -1.6945],
          [-4.2066, -5.2603, -4.2064,  ..., -3.9590, -2.9288, -1.9665],
          ...,
          [-4.9854, -6.2858, -5.0647,  ..., -5.6565, -4.3350, -2.7272],
          [-5.4944, -6.2228, -4.7411,  ..., -5.3809, -4.4831, -2.6961],
          [-3.8827, -4.1827, -3.1016,  ..., -3.8270, -3.5446, -2.1366]],

         ...,

         [[-1.2014, -1.2927, -0.6647,  ..., -0.8602, -1.0584, -0.6589],
          [-1.3746, -1.5634, -0.9545,  ..., -1.2750, -1.5920, -1.1297],
          [-1.2061, -1.0544, -0.3435,  ..., -0.7080, -1.2596, -0.9651],
          ...,
          [-0.3957, -0.3033,  1.5768,  ..., -0.4623, -0.9208, -0.7048],
          [-0.9734, -1.1245, -0.6363,  ..., -1.4034, -1.5875, -1.0648],
          [-0.7944, -0.6795, -0.3172,  ..., -0.8744, -0.8573, -0.4925]],

         [[-0.4066, -0.8841, -0.8241,  ..., -1.4214, -0.9946, -0.6350],
          [-1.0567, -1.9858, -1.5370,  ..., -2.7109, -2.5343, -1.4743],
          [-1.0199, -1.4257, -0.6093,  ..., -1.6979, -1.7931, -1.1029],
          ...,
          [-1.4162, -2.0367, -0.8208,  ..., -2.1555, -2.4439, -1.5353],
          [-2.0308, -3.0511, -2.0809,  ..., -2.5556, -3.1013, -2.0686],
          [-1.3899, -2.0063, -1.7369,  ..., -1.4436, -2.0993, -1.4428]],

         [[-0.3825, -1.5880, -1.4418,  ..., -1.0091, -1.0658, -1.0857],
          [-1.5758, -3.8960, -3.5430,  ..., -2.3994, -2.2889, -2.2326],
          [-1.7638, -3.8291, -3.3151,  ..., -2.0976, -1.9394, -1.8350],
          ...,
          [-1.6620, -3.2685, -2.6814,  ..., -1.7357, -1.8203, -1.9889],
          [-1.2854, -2.9271, -2.3846,  ..., -1.5159, -1.6397, -2.0358],
          [-1.3513, -2.6122, -2.4035,  ..., -1.7067, -1.7561, -1.7783]]]])