tensor([[[[ 2.7437e-01,  9.7437e-01,  1.0816e+00,  ...,  1.1415e+00,
            8.0453e-01, -4.9086e-02],
          [-1.0969e+00, -1.8790e-01,  3.2708e-01,  ...,  1.0718e+00,
            6.2977e-01,  1.2826e-01],
          [-1.5982e+00, -2.1376e-01,  6.8121e-01,  ...,  1.1842e+00,
            7.1926e-01,  1.6309e-01],
          ...,
          [-1.3148e+00, -6.7753e-01,  3.2179e-01,  ...,  5.2602e-01,
            3.7845e-01,  7.9041e-01],
          [-1.3761e+00, -1.0071e+00,  9.4777e-02,  ...,  3.6736e-01,
            2.7775e-01,  2.2745e-01],
          [-1.2469e+00, -8.5435e-01,  1.1054e-01,  ...,  4.9388e-02,
           -2.1291e-01,  1.3112e-01]],

         [[ 7.3648e-02, -5.0011e-01, -1.1986e-01,  ..., -4.2058e-01,
           -5.7758e-01, -4.8259e-01],
          [ 4.4004e-01,  1.6996e-01,  6.8110e-01,  ...,  1.6429e-02,
           -4.0399e-01, -3.5947e-01],
          [ 5.3627e-02,  5.4011e-03,  6.0248e-01,  ...,  2.9361e-01,
            4.6219e-01,  1.6896e-01],
          ...,
          [ 7.1439e-01,  6.8607e-01,  1.4392e+00,  ...,  9.7995e-01,
            1.2367e+00,  4.8211e-01],
          [ 9.6037e-01,  1.0193e+00,  1.3264e+00,  ...,  1.5117e+00,
            1.4345e+00,  6.2097e-01],
          [ 5.0361e-01,  6.1860e-01,  7.5469e-01,  ...,  5.5096e-01,
            4.9067e-01,  2.5950e-02]],

         [[-8.4911e-01, -2.0332e-01, -2.7166e-01,  ..., -3.2642e-01,
           -4.8161e-01, -1.6379e-01],
          [-1.2774e+00, -1.4438e-02,  1.9437e-01,  ...,  1.9790e-02,
           -7.2103e-01, -5.4240e-01],
          [-1.5077e+00, -5.3462e-01, -1.2873e-01,  ...,  4.1290e-02,
           -8.9271e-01, -6.6187e-01],
          ...,
          [-1.9782e+00, -1.2668e+00, -9.4824e-01,  ..., -5.4386e-01,
           -5.4765e-01, -3.5268e-01],
          [-1.5888e+00, -8.2008e-01, -6.7461e-01,  ..., -4.2006e-02,
           -1.0859e-01, -2.9227e-01],
          [-8.3067e-01,  1.8247e-03,  1.3917e-01,  ...,  2.8675e-01,
            1.2268e-01, -5.4617e-01]],

         ...,

         [[ 6.3080e+00,  1.0932e+01,  1.2160e+01,  ...,  1.2157e+01,
            1.0695e+01,  7.1191e+00],
          [ 1.0408e+01,  1.6728e+01,  1.9649e+01,  ...,  1.7756e+01,
            1.5673e+01,  1.0356e+01],
          [ 1.1404e+01,  1.9485e+01,  2.3691e+01,  ...,  1.9487e+01,
            1.6812e+01,  1.0636e+01],
          ...,
          [ 1.2230e+01,  2.0629e+01,  2.4851e+01,  ...,  2.2624e+01,
            1.8796e+01,  1.0620e+01],
          [ 8.9518e+00,  1.5581e+01,  1.9219e+01,  ...,  1.8188e+01,
            1.4125e+01,  8.0456e+00],
          [ 5.8141e+00,  9.2224e+00,  1.1159e+01,  ...,  1.0558e+01,
            8.1403e+00,  4.4752e+00]],

         [[-1.1912e+00, -3.4817e+00, -3.5423e+00,  ..., -2.8815e+00,
           -2.2171e+00, -1.8365e+00],
          [-2.8761e+00, -5.8481e+00, -5.7176e+00,  ..., -4.3651e+00,
           -3.1123e+00, -2.2643e+00],
          [-2.0865e+00, -4.8978e+00, -4.7966e+00,  ..., -3.8007e+00,
           -1.4499e+00, -1.0516e+00],
          ...,
          [-2.5520e+00, -5.1569e+00, -5.3530e+00,  ..., -4.2995e+00,
           -3.8233e+00, -2.7375e+00],
          [-2.0447e+00, -4.3384e+00, -4.5081e+00,  ..., -4.3838e+00,
           -4.0718e+00, -2.6488e+00],
          [-1.3082e+00, -3.8650e+00, -3.8145e+00,  ..., -3.6823e+00,
           -2.8519e+00, -1.9441e+00]],

         [[ 1.7254e+00,  1.8895e+00,  3.4258e+00,  ...,  2.6793e+00,
            1.1354e+00,  1.0461e+00],
          [ 1.1746e+00,  1.4645e+00,  3.7409e+00,  ...,  3.3494e+00,
            1.3234e+00,  1.0399e+00],
          [ 2.8295e+00,  3.7487e+00,  6.9797e+00,  ...,  6.6103e+00,
            4.1957e+00,  1.8621e+00],
          ...,
          [ 3.2670e+00,  5.6162e+00,  1.0636e+01,  ...,  8.8689e+00,
            6.7369e+00,  4.6073e+00],
          [ 2.7124e+00,  5.0349e+00,  8.1101e+00,  ...,  6.9120e+00,
            6.1398e+00,  4.8016e+00],
          [ 1.1608e+00,  3.5085e+00,  4.9730e+00,  ...,  3.4206e+00,
            2.9405e+00,  3.1629e+00]]]])