tensor([[[[ 2.1087e+01, -3.2215e-01, -6.2965e-02,  ..., -1.0596e+00,
           -6.8131e-01,  3.0206e+00],
          [ 2.3572e+01, -2.1316e+00, -4.9070e-01,  ..., -1.1837e+00,
           -6.9806e-01, -1.4020e+00],
          [ 2.0877e+01, -1.0556e+00, -1.6109e+00,  ..., -8.1383e-01,
           -8.1784e-01, -2.4105e+00],
          ...,
          [ 1.2810e+01, -5.6572e-01,  6.7096e-01,  ..., -2.7753e+00,
            6.4714e-01, -7.3502e-01],
          [ 1.4914e+01, -8.8871e-01, -6.6826e-01,  ..., -5.1969e-01,
           -1.0480e+00, -2.6085e-01],
          [ 9.2896e+00, -8.0204e-03, -6.2479e-01,  ...,  3.6854e+00,
           -6.3407e-01, -6.7989e-01]],

         [[ 4.8191e+00, -2.5324e-01,  1.8296e+00,  ..., -2.4929e-01,
           -8.2997e-02, -8.9824e-02],
          [-6.7353e-01, -6.0917e-01, -6.8530e-01,  ..., -5.9771e-01,
           -4.4684e-01, -1.0645e+00],
          [-3.4349e-01, -7.9946e-01, -1.0822e+00,  ..., -9.1942e-01,
           -8.7375e-01, -1.3015e+00],
          ...,
          [-8.8710e-01, -5.4932e-01, -1.1894e-01,  ..., -1.5361e+00,
           -9.6922e-01, -7.6919e-01],
          [-1.5350e+00, -9.3594e-01, -1.5376e+00,  ..., -9.5631e-01,
           -9.0913e-01, -5.8608e-01],
          [-1.0285e+00, -6.9526e-01, -7.1761e-01,  ..., -8.3408e-01,
           -6.6226e-01, -9.6016e-01]],

         [[-1.3444e+00, -1.3482e+00, -1.4513e+00,  ..., -1.8180e+00,
           -1.1029e+00, -1.4692e+00],
          [-1.4877e+00, -1.2859e+00, -1.6492e+00,  ..., -1.0760e+00,
           -1.0549e+00, -2.2629e+00],
          [-1.1304e+00, -1.5392e+00, -1.5879e+00,  ..., -1.2110e+00,
           -1.4007e+00, -2.0806e+00],
          ...,
          [-1.3492e+00, -1.3654e+00, -8.6313e-01,  ..., -1.9079e+00,
           -1.3104e+00, -2.0081e+00],
          [-1.3445e+00, -1.2820e+00, -1.3879e+00,  ..., -1.9225e+00,
           -1.4160e+00, -1.2695e+00],
          [-1.4393e+00, -9.2926e-01, -5.2003e-01,  ..., -1.0894e+00,
           -6.4164e-01, -1.2599e+00]],

         ...,

         [[-9.1914e-01, -1.2852e+00, -1.2979e+00,  ..., -1.7297e+00,
           -1.9978e+00, -4.1287e-01],
          [-1.3793e+00, -8.3115e-01, -1.6336e+00,  ..., -1.2546e+00,
           -1.3701e+00, -1.6581e+00],
          [-1.1888e+00, -1.8615e+00, -1.3895e+00,  ..., -1.6328e+00,
           -1.2647e+00, -9.2263e-01],
          ...,
          [-1.7480e+00, -1.9679e+00, -1.7102e+00,  ..., -9.3235e-01,
           -2.2714e+00, -1.1328e+00],
          [-1.5767e+00, -1.6509e+00, -1.1882e+00,  ..., -1.9961e+00,
           -1.3552e+00, -7.7127e-01],
          [-1.1030e+00, -7.7851e-01, -3.7245e-01,  ..., -6.6730e-02,
           -3.8327e-01,  2.6489e+00]],

         [[-3.0353e-01, -7.6217e-01,  2.5975e+00,  ..., -2.2877e-01,
           -2.9183e-01, -3.0191e-01],
          [-4.7192e-01, -8.1118e-01, -9.5995e-01,  ..., -5.9314e-01,
           -2.1907e-01, -9.8514e-01],
          [-7.0701e-01, -4.2520e-01, -4.4481e-01,  ..., -9.2096e-01,
           -2.5217e-01, -3.0106e-01],
          ...,
          [-4.6051e-01, -7.9632e-01, -7.5903e-01,  ..., -1.4820e+00,
           -2.7070e-01, -8.5675e-01],
          [-7.0661e-01, -1.1693e+00, -3.2459e-01,  ..., -8.1357e-01,
           -2.4957e-01, -3.5955e-01],
          [-4.7159e-01, -6.2126e-02, -4.5658e-01,  ..., -7.4811e-02,
           -4.4291e-01, -6.2072e-01]],

         [[-3.7711e-01, -7.5002e-01, -5.7908e-01,  ..., -8.0137e-01,
           -5.9214e-01, -9.2284e-01],
          [-5.0294e-01, -1.0304e+00, -1.0514e+00,  ..., -1.2448e+00,
           -9.5622e-01, -1.4689e+00],
          [-5.4901e-01, -1.3995e+00, -1.2391e+00,  ..., -1.0939e+00,
           -1.2301e+00, -1.4537e+00],
          ...,
          [-5.1049e-01, -1.0482e+00, -1.3850e+00,  ..., -1.5681e+00,
           -1.3247e+00, -1.5394e+00],
          [-6.8279e-01, -1.2203e+00, -1.5551e+00,  ..., -1.1683e+00,
           -1.1199e+00, -1.3233e+00],
          [-4.8434e-01, -9.0039e-01, -1.3135e+00,  ..., -1.3259e+00,
           -1.0033e+00, -1.2255e+00]]]])