tensor([[[[-0.7322, -1.0554, -0.6808,  ..., -0.8121, -0.8619, -0.2768],
          [-0.4327, -0.9484, -0.7198,  ..., -0.7484, -0.7808, -0.2519],
          [-0.6425, -1.0011, -0.8918,  ..., -0.8435, -0.9728, -0.4313],
          ...,
          [-0.7340, -0.9891, -0.8677,  ..., -0.9072, -0.9615, -0.4443],
          [-0.7058, -1.1911, -1.1021,  ..., -0.9975, -1.1259, -0.4770],
          [-0.5475, -0.8106, -0.7140,  ..., -0.6869, -0.9235, -0.3953]],

         [[-0.6175, -0.4625, -0.3356,  ..., -0.2670, -0.2920, -0.5852],
          [-0.6462, -0.3975, -0.3125,  ..., -0.3143, -0.2859, -0.6317],
          [-0.4394, -0.0869, -0.0569,  ..., -0.1009, -0.0496, -0.5038],
          ...,
          [-0.4854, -0.2047, -0.1094,  ..., -0.0367, -0.0574, -0.4878],
          [-0.3748, -0.2182, -0.2498,  ..., -0.1468, -0.1391, -0.5314],
          [-0.1655, -0.0775, -0.2533,  ..., -0.1431, -0.0819, -0.3482]],

         [[-0.3935, -0.8608, -0.6923,  ..., -0.6139, -0.5775, -0.3130],
          [-0.1988, -0.8393, -0.6212,  ..., -0.5912, -0.6656, -0.2984],
          [-0.1210, -0.6847, -0.5397,  ..., -0.5207, -0.6429, -0.2609],
          ...,
          [-0.1883, -0.7182, -0.4932,  ..., -0.4581, -0.5479, -0.2510],
          [-0.1815, -0.7063, -0.4780,  ..., -0.4215, -0.4509, -0.1424],
          [ 1.9449,  0.7712,  1.3846,  ...,  1.7692,  1.5724,  2.0750]],

         ...,

         [[-1.1172, -0.6013, -0.3419,  ..., -0.4454, -0.6056, -0.2771],
          [-1.4202, -0.8450, -0.6520,  ..., -0.7274, -1.2189, -0.6238],
          [-1.3786, -0.8298, -0.5319,  ..., -0.5609, -1.1702, -0.5320],
          ...,
          [-1.4196, -0.8695, -0.5560,  ..., -0.6157, -1.0911, -0.5281],
          [-1.4515, -1.1870, -0.9074,  ..., -0.8870, -1.4030, -0.5889],
          [-1.4177, -1.2160, -0.9725,  ..., -1.0111, -1.4253, -0.6758]],

         [[-0.4678, -0.3959, -0.5945,  ..., -0.6911, -0.6515, -0.6366],
          [-0.1192,  0.3414, -0.2283,  ..., -0.1946, -0.2673, -0.2826],
          [-0.1647,  0.0988, -0.3558,  ..., -0.3324, -0.3111, -0.2100],
          ...,
          [-0.2663, -0.1196, -0.2336,  ..., -0.3154, -0.2910, -0.1448],
          [-0.2869, -0.3134, -0.5004,  ..., -0.4537, -0.3862, -0.2841],
          [-0.0824,  0.4831, -0.2398,  ..., -0.2057, -0.1304, -0.2005]],

         [[-0.4052, -0.6365, -0.6503,  ..., -0.7269, -0.6233, -0.4909],
          [-0.4928, -0.8881, -0.8343,  ..., -0.8826, -0.8025, -0.5262],
          [-0.4931, -0.7577, -0.7621,  ..., -0.7122, -0.6147, -0.4224],
          ...,
          [-0.5315, -0.7051, -0.6850,  ..., -0.6083, -0.5367, -0.3061],
          [-0.3850, -0.2142, -0.2536,  ..., -0.1712, -0.1452, -0.0139],
          [-0.6181, -0.3996, -0.3986,  ..., -0.4253, -0.3905, -0.2539]]]])