tensor([[[[ 1.7378e+01,  1.7618e+01,  7.6304e+00,  ...,  1.4037e+01,
            1.3670e+01,  2.1029e+01],
          [ 2.7113e+01,  2.2731e+01,  1.4909e+01,  ...,  1.8072e+01,
            1.7247e+00,  1.5229e+01],
          [ 1.4464e+01,  5.7217e+00,  2.8747e+00,  ...,  2.2680e+01,
            1.8271e+01,  9.1139e+00],
          ...,
          [ 1.8431e+01, -3.8428e-02,  3.5011e+00,  ...,  1.1295e+01,
            3.8007e+00,  6.8324e+00],
          [ 2.5511e+01,  5.3215e+00,  9.1294e+00,  ...,  1.9767e+01,
            1.6835e+01,  2.1085e+00],
          [ 1.0213e+01,  5.1744e+00,  8.6115e+00,  ...,  6.0309e+00,
            3.3139e+00,  1.4503e+01]],

         [[ 4.7737e+00, -2.6788e-01, -2.6458e-01,  ..., -3.5109e-01,
           -1.3424e-01,  7.2376e-01],
          [ 5.5598e+00, -5.2206e-02, -1.2528e-01,  ..., -5.6929e-01,
           -4.2755e-01, -6.3230e-01],
          [ 1.1158e+00, -2.4156e-01, -3.6756e-01,  ..., -4.4745e-03,
           -3.7195e-01, -9.6595e-01],
          ...,
          [ 3.4499e+00, -6.3982e-01, -4.3417e-01,  ..., -2.2675e-01,
           -8.5207e-01,  2.2805e+00],
          [ 3.3068e+00, -8.5357e-01, -4.1718e-01,  ..., -7.3203e-01,
           -1.1012e+00, -8.6754e-01],
          [ 3.4848e+00, -4.6627e-01, -6.2290e-01,  ..., -6.6110e-01,
           -1.9652e-01, -1.2852e-01]],

         [[-1.2962e+00,  3.4716e+01, -1.3908e+00,  ...,  2.3729e+00,
           -5.7766e-01,  3.6939e+00],
          [-1.3223e+00, -3.1564e+00, -1.2259e-02,  ..., -2.2821e+00,
           -1.5188e+00, -2.2210e+00],
          [ 2.8514e+00, -5.3704e+00, -3.4391e+00,  ..., -3.5147e+00,
           -2.1963e+00, -5.8186e+00],
          ...,
          [-2.4053e+00, -4.2539e+00, -4.8678e+00,  ..., -3.5292e+00,
           -3.2111e+00, -3.4703e+00],
          [-4.9384e-01, -1.6848e+00, -2.4671e+00,  ..., -1.3946e+00,
           -3.9510e+00, -1.5032e+00],
          [-3.1698e-01, -3.2123e-01, -2.5544e+00,  ..., -6.2285e+00,
           -1.5559e+00, -4.4792e+00]],

         ...,

         [[-2.5992e+00, -1.8537e+00, -2.3425e+00,  ..., -3.1647e+00,
           -2.5634e+00, -4.5068e+00],
          [-3.8882e+00, -4.7370e+00, -3.6908e+00,  ..., -3.0634e+00,
           -3.3222e+00, -3.5341e+00],
          [-6.0362e-01, -3.5211e+00, -2.1326e+00,  ..., -1.9596e+00,
           -2.8183e+00, -2.7785e+00],
          ...,
          [-4.2353e+00, -4.1211e+00, -3.8599e+00,  ..., -2.3490e+00,
           -2.4044e+00, -2.5408e+00],
          [-3.1140e+00, -2.0204e+00, -1.0132e+00,  ..., -2.9587e-01,
           -2.0210e+00, -2.8257e+00],
          [-1.9127e+00, -2.4454e+00, -1.5578e+00,  ..., -3.3154e+00,
           -2.9541e+00, -2.9130e+00]],

         [[-1.5570e+00, -3.8201e+00, -3.2629e+00,  ..., -2.4727e+00,
           -4.3629e+00, -2.9072e+00],
          [ 1.2369e+01, -6.0023e+00, -1.2742e+00,  ..., -6.0143e+00,
           -3.1766e+00, -2.9289e+00],
          [-4.4104e+00, -5.0700e+00, -3.4282e+00,  ..., -2.6799e+00,
           -3.4077e+00, -2.2180e+00],
          ...,
          [-3.7529e+00, -4.1020e+00, -5.8309e+00,  ..., -2.3732e+00,
           -2.1625e+00, -2.8843e+00],
          [-3.5088e+00, -6.7099e-01, -6.6978e-01,  ..., -2.7647e+00,
           -4.5610e+00, -3.1995e+00],
          [-1.5263e+00, -1.9951e+00, -1.9157e+00,  ..., -2.9354e+00,
           -2.4352e+00, -2.5543e+00]],

         [[ 4.1082e+01,  2.6300e+01,  4.2083e+01,  ...,  2.6770e+01,
            2.4629e+01,  7.2597e+00],
          [ 5.7217e+01,  6.1441e+01,  6.1109e+01,  ...,  1.1124e+01,
            2.6449e+01,  5.4201e+01],
          [ 3.6692e+01,  7.4346e+01,  5.9997e+00,  ...,  5.9594e+01,
            4.3950e+01,  1.1167e+01],
          ...,
          [ 4.3320e+01,  1.9371e+01,  2.6203e+01,  ...,  6.4899e+00,
            3.1264e+01,  3.7931e+01],
          [ 2.7684e+01,  2.3670e+01,  1.3115e+01,  ...,  4.5449e+01,
            1.1316e+01,  1.4236e+01],
          [ 1.0255e+01,  2.1446e+01,  2.3421e+01,  ...,  1.3820e+01,
            5.5956e+01,  1.7081e+01]]]])