tensor([[[[-5.6159e-02, -3.8202e-01, -4.5214e-01,  ..., -2.9166e-01,
           -2.8816e-01, -1.9791e-01],
          [-7.2446e-02, -4.7416e-01, -6.1281e-01,  ..., -3.8432e-01,
           -4.1883e-01, -3.0665e-01],
          [-8.9010e-02, -4.9634e-01, -7.0345e-01,  ..., -4.0572e-01,
           -4.3757e-01, -3.3784e-01],
          ...,
          [-1.4063e-01, -5.5125e-01, -6.9141e-01,  ..., -6.7346e-01,
           -5.1077e-01, -3.6109e-01],
          [-1.0673e-01, -4.5384e-01, -6.0695e-01,  ..., -5.8118e-01,
           -4.1210e-01, -2.5819e-01],
          [-1.3006e-01, -3.4675e-01, -4.4040e-01,  ..., -4.4686e-01,
           -3.5906e-01, -1.7937e-01]],

         [[ 2.1217e+00,  1.8504e+00,  5.9083e-01,  ..., -1.7469e-03,
            9.5425e-01,  3.9527e-01],
          [ 1.9213e+00,  1.2283e+00,  3.9768e-01,  ..., -1.1213e-01,
            1.0088e-01,  3.7661e-01],
          [ 4.1581e+00,  4.8672e+00,  3.5978e+00,  ...,  8.7199e-01,
            1.4301e+00,  9.8579e-01],
          ...,
          [ 4.6218e+00,  4.2573e+00,  4.0801e+00,  ...,  3.3447e+00,
            3.6673e+00,  3.0666e+00],
          [ 3.4450e+00,  3.0083e+00,  3.2910e+00,  ...,  2.8283e+00,
            2.9551e+00,  2.9504e+00],
          [ 2.5168e+00,  1.1200e+00,  1.7260e+00,  ...,  1.2437e+00,
            8.3040e-01,  1.1117e+00]],

         [[ 7.2708e-01,  2.8532e+00,  2.5675e+00,  ...,  1.5353e+00,
            1.9350e+00,  1.9068e+00],
          [-5.7309e-02,  9.7502e-01,  3.6302e-01,  ..., -3.6348e-02,
           -4.0830e-03,  5.9799e-01],
          [-1.1173e-01,  2.2869e-01, -4.1601e-02,  ..., -1.1216e-01,
           -8.3840e-02,  8.8146e-02],
          ...,
          [-2.2391e-01, -2.5952e-01, -3.5996e-01,  ..., -4.2227e-01,
           -2.4790e-01, -1.4648e-01],
          [-1.5186e-01, -1.6565e-01, -2.0681e-01,  ..., -2.7315e-01,
           -1.0008e-01, -3.3472e-02],
          [-1.1768e-01, -1.7455e-01, -1.8121e-01,  ..., -1.8908e-01,
           -8.1159e-02, -5.6048e-02]],

         ...,

         [[-5.0283e-01, -4.2720e-01, -5.4215e-01,  ..., -1.6701e-01,
           -1.1942e-01,  6.6912e-01],
          [-5.7571e-01, -6.6833e-01, -7.0753e-01,  ..., -2.1159e-01,
           -3.1800e-02,  1.2875e+00],
          [-5.4883e-01, -6.5699e-01, -5.6126e-01,  ..., -1.5128e-01,
            1.7992e-01,  3.8956e-01],
          ...,
          [-3.8620e-01, -6.0551e-01, -4.9978e-01,  ..., -3.6585e-01,
           -1.6381e-01, -3.5449e-02],
          [-4.3142e-01, -6.6279e-01, -6.4884e-01,  ..., -5.6440e-01,
           -3.3013e-01, -1.6787e-01],
          [-2.5259e-01, -3.6246e-01, -2.9199e-01,  ..., -3.8490e-01,
           -1.8763e-01,  2.7791e-01]],

         [[-3.7882e-01, -4.9737e-01, -6.6006e-01,  ..., -6.9889e-01,
           -5.2881e-01, -3.1837e-01],
          [-6.8114e-01, -8.7880e-01, -1.1386e+00,  ..., -1.0746e+00,
           -8.1490e-01, -4.3724e-01],
          [-8.1673e-01, -1.1265e+00, -1.3401e+00,  ..., -1.3440e+00,
           -1.0125e+00, -5.2509e-01],
          ...,
          [-3.4843e-01, -4.6831e-01, -5.4923e-01,  ..., -6.5845e-01,
           -6.1628e-01, -4.1910e-01],
          [-2.4255e-01, -3.0560e-01, -3.6512e-01,  ..., -4.9480e-01,
           -5.0541e-01, -3.5007e-01],
          [-9.1429e-02, -1.6092e-01, -1.7530e-01,  ..., -2.8743e-01,
           -2.9565e-01, -2.3280e-01]],

         [[-6.3666e-02,  4.6684e-01,  8.1133e-02,  ..., -1.6629e-02,
            8.8266e-01, -1.0758e-02],
          [-1.2458e-01,  1.6831e+00,  2.5197e+00,  ...,  1.8435e+00,
            3.0273e+00,  1.0227e+00],
          [-4.8094e-02,  2.1709e+00,  2.5382e+00,  ...,  1.7565e+00,
            2.0304e+00,  9.3805e-01],
          ...,
          [ 1.6235e+00,  3.8160e+00,  4.0881e+00,  ...,  1.5627e+00,
            1.8399e+00,  4.7505e-01],
          [ 3.0420e+00,  4.4121e+00,  4.5360e+00,  ...,  2.8551e+00,
            2.1518e+00,  7.6499e-01],
          [ 1.5497e+00,  1.5044e+00,  1.1028e+00,  ...,  7.0853e-01,
            6.5486e-01,  5.0132e-01]]]])