tensor([[[[-4.1117e-01,  1.8615e+00,  5.0600e+00,  ...,  1.8939e+00,
            2.1398e+00,  2.9176e+00],
          [-3.2391e-01,  3.1126e+00,  3.7383e+00,  ...,  2.9442e+00,
            5.6052e-01,  2.1688e+00],
          [-1.7790e-01,  2.2269e+00,  2.6628e+00,  ...,  4.1318e+00,
            3.6689e+00,  1.7810e+00],
          ...,
          [-2.3393e-01,  3.3497e+00,  2.5338e+00,  ...,  4.6280e+00,
            1.9811e+00,  3.7210e+00],
          [ 6.4683e-01,  2.8996e+00,  2.5375e+00,  ...,  2.9655e+00,
            1.2638e+00,  1.3834e+00],
          [ 4.5821e-01,  1.5103e+00,  3.9051e+00,  ...,  2.6768e+00,
            3.4059e+00,  4.7013e+00]],

         [[-2.9131e-01, -3.3550e-01, -4.4285e-01,  ...,  8.4162e-01,
            2.3719e-01,  2.4517e+00],
          [-1.4957e-01,  1.7530e-01, -1.4683e-01,  ..., -4.1509e-02,
           -6.2963e-01,  1.0545e+00],
          [-2.7116e-01, -1.1597e-01, -1.4594e-01,  ..., -4.2474e-02,
           -2.0177e-01, -3.0452e-01],
          ...,
          [-3.8339e-01, -4.0205e-01, -3.4896e-01,  ..., -2.9808e-01,
           -2.0080e-01, -2.3047e-01],
          [-2.7946e-01, -4.1110e-01, -5.4402e-01,  ..., -4.1823e-01,
           -6.4812e-01, -4.5773e-01],
          [-2.0431e-01, -5.0857e-02, -6.1301e-01,  ..., -5.2656e-01,
           -3.2588e-01, -5.1653e-02]],

         [[-8.8859e-01, -8.0515e-01, -1.6341e-01,  ..., -7.1752e-01,
           -1.1120e+00, -9.9475e-01],
          [-6.6432e-01, -2.6395e-01, -2.9072e-01,  ..., -5.5642e-01,
           -8.7198e-01, -8.8211e-01],
          [-5.0931e-01, -3.2594e-01, -2.3325e-01,  ..., -6.1204e-01,
           -5.4520e-01, -5.6609e-01],
          ...,
          [-6.0801e-01, -3.2030e-01, -5.1892e-01,  ..., -5.5495e-01,
           -4.1810e-01, -7.5883e-01],
          [-2.4999e-01, -1.9485e-01, -5.6385e-01,  ..., -5.0011e-01,
           -4.5436e-01, -4.7553e-01],
          [-5.3524e-02,  5.5084e-01,  1.0531e+00,  ..., -2.2449e-01,
           -4.3897e-01,  2.6885e+00]],

         ...,

         [[-1.9470e-01, -2.2082e-01, -7.2584e-01,  ..., -4.4832e-01,
           -4.2347e-01, -2.2107e-01],
          [ 5.2019e-01,  3.1693e-01,  1.5486e+00,  ..., -3.8816e-04,
           -5.4750e-01,  4.1942e+00],
          [ 5.0519e+00,  1.3251e+00,  1.1705e+00,  ..., -6.0713e-02,
           -6.6543e-02,  4.3983e+00],
          ...,
          [ 1.4535e-01, -2.6121e-03,  1.0650e+00,  ..., -2.8519e-01,
            3.8170e-01, -1.2810e-01],
          [ 1.2378e+00, -5.9175e-01, -1.7346e-02,  ...,  5.7141e+00,
           -2.0025e-01,  6.1586e-02],
          [ 7.1405e+00,  8.6572e+00,  6.0626e+00,  ...,  5.0202e+00,
            6.0457e+00,  4.8142e+00]],

         [[-1.6465e+00, -1.0862e+00, -5.9176e-01,  ..., -9.2198e-01,
           -6.9157e-01, -1.3720e+00],
          [-1.5307e+00, -1.6449e+00, -1.3121e+00,  ..., -1.5618e+00,
           -1.3019e+00, -1.3257e+00],
          [-1.3242e+00, -8.9383e-01, -1.7236e+00,  ..., -1.5668e+00,
           -1.6323e+00, -9.7239e-01],
          ...,
          [-1.5282e+00, -1.8903e+00, -1.5253e+00,  ..., -1.6339e+00,
           -1.6302e+00, -1.1343e+00],
          [-1.7097e+00, -1.5385e+00, -1.8117e+00,  ..., -1.8961e+00,
           -1.4851e+00, -1.3477e+00],
          [-1.3796e+00, -1.3976e+00, -1.0239e+00,  ..., -1.2714e+00,
           -8.2832e-01, -1.2617e+00]],

         [[ 8.7627e+00,  1.8630e+00,  3.1950e+00,  ...,  3.3089e+00,
            4.2621e+00,  1.0090e+01],
          [ 1.2057e+01,  4.7961e+00,  6.3544e+00,  ...,  4.2774e+00,
            3.6583e+00,  1.2354e+01],
          [ 9.9908e+00,  5.1600e+00,  4.8022e+00,  ...,  4.9726e+00,
            2.6845e+00,  9.0155e+00],
          ...,
          [ 1.1921e+01,  5.5833e+00,  6.0770e+00,  ...,  5.8240e+00,
            1.6929e+00,  7.2800e+00],
          [ 5.6868e+00,  5.3348e+00,  9.7780e-01,  ...,  2.1462e+00,
            4.9275e+00,  8.9370e+00],
          [ 5.1550e+00,  5.4434e+00,  5.0189e+00,  ...,  5.5143e+00,
            2.2716e+00,  1.0181e+01]]]])