tensor([[[[-0.4322, -0.8151, -0.8065,  ..., -0.8334, -0.3049,  0.0000],
          [-0.4322, -0.8151, -0.8151,  ..., -0.8345, -0.2951,  0.0000],
          [-0.5451, -0.8774, -0.8774,  ..., -0.8509, -0.2951,  0.0000],
          ...,
          [-0.6398, -0.9323, -0.9784,  ..., -0.8537, -0.3746,  0.0000],
          [-0.5736, -0.8914, -0.8735,  ..., -0.6870, -0.4515,  0.0000],
          [ 0.0000,  0.0000,  0.0000,  ...,  0.0000,  0.0000,  0.0000]],

         [[-0.3681, -0.2870, -0.2870,  ..., -0.2622, -0.3574,  0.0000],
          [-0.1855, -0.0752, -0.0514,  ..., -0.0170, -0.0170,  0.0000],
          [-0.1258, -0.0597, -0.0233,  ..., -0.0170, -0.0170,  0.0000],
          ...,
          [-0.0834,  0.0330,  0.0330,  ..., -0.0457, -0.0892,  0.0000],
          [-0.0711, -0.0711, -0.0911,  ..., -0.1374, -0.1374,  0.0000],
          [ 0.0000,  0.0000,  0.0000,  ...,  0.0000,  0.0000,  0.0000]],

         [[-0.1578, -0.6287, -0.5843,  ..., -0.6443, -0.3091,  0.0000],
          [-0.0954, -0.5002, -0.4462,  ..., -0.5778, -0.2227,  0.0000],
          [-0.0954, -0.4765, -0.4428,  ..., -0.5553, -0.2227,  0.0000],
          ...,
          [-0.0847, -0.4877, -0.4539,  ..., -0.4518, -0.1667,  0.0000],
          [ 2.4910,  1.2577,  1.4199,  ...,  1.6258,  1.8965,  1.8965],
          [ 2.4910,  1.2577,  1.4199,  ...,  1.6258,  1.8965,  1.8965]],

         ...,

         [[-0.6702, -0.5239, -0.3097,  ..., -0.3757, -0.2695,  0.0000],
          [-0.8067, -0.5793, -0.5793,  ..., -0.6346, -0.4596,  0.0000],
          [-0.8067, -0.5793, -0.5793,  ..., -0.5746, -0.4839,  0.0000],
          ...,
          [-0.9192, -0.6502, -0.6502,  ..., -0.4934, -0.5236,  0.0000],
          [-1.1221, -0.8433, -0.8433,  ..., -0.9616, -0.6707,  0.0000],
          [ 0.0000,  0.0000,  0.0000,  ...,  0.0000,  0.0000,  0.0000]],

         [[-0.0349, -0.0349, -0.2138,  ..., -0.1910, -0.1306,  0.0000],
          [ 0.6082,  0.6082, -0.2138,  ..., -0.1421, -0.1184,  0.0000],
          [ 0.6082,  0.6082, -0.2737,  ..., -0.1421, -0.1184,  0.0000],
          ...,
          [-0.0888, -0.0888, -0.2987,  ..., -0.2632, -0.1871,  0.0000],
          [-0.0153, -0.0153, -0.2925,  ..., -0.2263, -0.1135,  0.0000],
          [ 0.0000,  0.0000,  0.0000,  ...,  0.0000,  0.0000,  0.0000]],

         [[-0.3523, -0.5960, -0.6700,  ..., -0.5342, -0.3705,  0.0000],
          [-0.5105, -0.7199, -0.7199,  ..., -0.6083, -0.3276,  0.0000],
          [-0.4850, -0.7014, -0.6892,  ..., -0.6083, -0.3276,  0.0000],
          ...,
          [-0.2538, -0.2622, -0.2622,  ..., -0.3144, -0.0433,  0.0000],
          [-0.2538, -0.2622, -0.2622,  ..., -0.3144, -0.0433,  0.0000],
          [ 0.0000,  0.0000,  0.0000,  ...,  0.0000,  0.0000,  0.0000]]]])