tensor([-2.6733, -2.1664, -1.4222, -1.7922, -1.2764, -2.8128, -1.7011, -1.8209,
        -2.1516, -1.3868, -1.5265, -2.9547, -0.9486, -1.7953, -2.6435, -2.3629,
        -1.6966, -1.2962, -2.4654, -1.8025, -1.6427, -1.0815, -1.3019, -1.6075,
        -2.7585, -1.6415, -2.8775, -0.3505, -2.9579, -2.2440, -2.3309, -1.3743,
        -0.9339, -1.6908, -4.9698, -2.4084, -1.1216, -2.5472, -0.1129, -3.0425,
        -1.1565, -2.0231, -2.0226, -1.7907, -2.2072, -1.5365, -2.3027, -1.3108,
        -1.6431, -1.2992, -3.1174, -1.5530, -2.0583, -1.1220, -1.5381, -1.3451,
        -1.2318, -1.2081, -2.1187, -1.6718, -2.9359, -2.9264, -2.5659, -2.0838,
        -1.5271, -2.5274, -2.1055, -2.5963, -1.5612, -4.7499, -2.2797, -3.5812,
        -1.8246, -2.3183, -3.1772, -2.1604, -1.0318, -1.2475, -1.3500, -2.4438,
        -1.8660, -2.4547, -1.6767, -1.6483, -1.5529, -1.9780, -1.0389, -2.6535,
        -1.9886, -1.1750, -1.2376, -1.4828, -0.6849, -1.3603, -0.3456, -2.5151,
        -2.7102, -1.6565, -1.3540, -1.3874, -1.8280, -2.0540, -2.2084, -1.8430,
        -0.9303, -1.3652, -1.1488, -1.7406, -1.3091, -0.7764, -0.8061, -1.9775,
        -1.3768, -1.1667, -1.4961, -2.0681, -0.8687, -4.3149, -1.8955, -2.3339,
        -2.0712, -0.8310, -2.0547, -1.3108, -3.1858, -1.7080, -1.4372, -2.0056,
        -1.9478, -1.4608, -0.9436, -2.5497, -1.4561, -1.7709, -2.5429, -2.0090,
        -1.6011, -1.9007, -1.1141, -2.8275, -1.1997, -2.3817, -1.6680, -4.4440,
        -1.5802, -1.9090, -1.9469, -2.6997, -2.4225, -1.2328, -0.4365, -1.9047,
        -1.5241, -3.3040, -0.1897, -1.5360, -1.4686, -1.4508, -1.6174, -1.5324,
        -2.6370, -1.1499, -1.3228, -2.9472, -1.2347, -0.9122, -3.3777, -1.4201,
        -1.6922, -2.7686, -1.5820, -1.0737, -4.2775, -1.9151, -1.5351, -1.3699,
        -4.0577, -2.5396, -1.4986, -2.0122, -1.6244, -1.5540, -2.5756, -2.7411,
        -2.6495, -2.5083, -1.9523, -1.6932, -2.5855, -1.6652, -2.5511, -1.7342,
        -0.6753, -0.8690, -2.0376, -1.9401, -2.4326, -3.1540, -0.7128, -1.3801,
        -4.3274, -1.9977, -2.6176, -1.1355, -0.9521, -3.2208, -1.9272, -1.6697,
        -0.8795, -1.0869, -2.0434, -1.5129, -1.4793, -2.1720, -0.0586, -1.1622,
        -0.7638, -1.2091, -3.5701, -1.0245, -1.4808, -2.6665, -2.1202, -1.3838,
        -1.0529, -1.4485, -1.4360, -1.7535, -1.8619, -1.4522, -1.5150, -1.3731,
        -1.9307, -2.5739, -1.5149, -2.4608, -1.2608, -3.3623, -1.8603, -2.4502,
        -1.2654, -2.8981, -2.1731, -1.0183, -1.8007, -1.0746, -2.4345, -1.9603,
        -0.7068, -1.5735, -0.4073, -2.1379, -0.6416, -1.2163, -1.5270, -1.4884])