tensor([-1.8491, -5.1449, -4.0562, -1.4940, -0.6735, -2.1040, -2.2270, -2.3834,
        -1.5320, -1.3874, -1.6326, -1.3085,  0.6054, -2.1879, -1.0041, -3.7016,
        -2.2461, -1.4517, -1.4879, -1.3415, -3.7138,  1.2801,  0.6816, -1.6377,
        -0.9144, -0.8471, -1.7284, -1.4518, -1.4250, -0.5550, -1.9849, -1.8366,
        -0.8153, -1.0971, -1.2730, -0.2052, -0.6565, -3.1414, -1.8729, -3.8116,
        -1.4752, -1.3787, -1.5742, -0.8764, -2.2072, -0.9494,  0.0905, -3.0244,
        -0.9715, -2.4267, -1.1111, -2.0688, -0.7740,  1.5796, -0.6118, -3.7207,
        -1.1487, -1.1802, -1.2932, -0.1259,  2.5557, -1.3053, -1.4049, -0.8100,
        -0.7037, -0.9734, -0.6178, -0.0869, -0.7806, -1.4495,  0.1030, -1.5844,
        -1.7235, -2.1298, -0.6734,  4.5902, -1.8282, -0.2199, -0.2862, -1.7699,
        -0.7587, -2.0911,  0.7737, -0.5343, -1.7376, -3.5396, -1.3134, -1.7783,
        -1.4542, -1.1831, -1.1255, -0.5081, -0.7400, -2.8277, -2.1606, -0.0375,
        -0.4307, -0.1473, -3.3161, -1.7926, -1.4161,  3.4434, -0.6880,  0.1232,
        -2.4017, -3.0166, -1.4334, -1.5039, -1.6970, -0.5315, -0.5448, -1.5921,
        -1.8584, -0.7737, -2.0493, -0.8823, -0.4719,  2.6673, -1.6763, -1.1683,
        -0.9171, -1.7683, -2.4350, -2.2014, -1.2935, -1.8903, -2.9652, -2.7328])