tensor([4.1080, 8.5492, 6.4465, 2.7715, 2.0079, 2.6692, 3.5818, 7.2192, 2.8445,
        3.4674, 3.0064, 2.1714, 5.9500, 2.7956, 2.4370, 4.9808, 6.4058, 3.1946,
        2.5539, 2.9382, 2.6321, 1.7860, 1.5785, 2.4355, 3.1429, 2.0770, 3.6016,
        3.7752, 1.8876, 2.3765, 1.9726, 3.5304, 3.4587, 2.0411, 2.0944, 2.0351,
        2.7539, 2.5773, 2.5003, 9.5082, 2.5541, 2.1879, 3.2440, 2.8716, 2.8901,
        3.4897, 2.2671, 5.1501, 2.8172, 2.5779, 2.5580, 2.8504, 2.9919, 4.1912,
        4.1727, 1.9102, 3.1411, 2.1582, 2.7754, 1.5828, 3.2990, 2.7385, 3.2734,
        2.1492, 2.2199, 2.6778, 2.8507, 1.8742, 2.7078, 2.3904, 2.4335, 3.6724,
        8.3605, 3.3950, 4.2355, 6.0324, 3.4949, 2.7493, 3.2815, 5.3369, 2.8062,
        5.3645, 5.1825, 1.6038, 2.3340, 1.9026, 4.0787, 2.0769, 1.9347, 4.0837,
        1.9089, 2.7400, 2.7836, 5.4239, 2.8383, 2.3118, 2.4812, 2.6927, 5.5695,
        5.8890, 2.5826, 2.2492, 4.2364, 1.6094, 4.6462, 3.4371, 2.0968, 2.4361,
        3.3322, 3.0824, 1.5043, 2.8043, 6.4945, 2.4561, 4.6206, 3.9778, 2.4810,
        3.0137, 2.3741, 2.5441, 4.5733, 2.9218, 5.2527, 7.6445, 2.2840, 2.7342,
        2.7693, 2.2648])