tensor([ 4.1188e-04,  2.5193e-03, -3.1077e-03,  1.0202e-01, -1.9011e-01,
        -8.9446e-03, -4.2066e-04,  1.3646e-02,  5.8297e-04,  9.6334e-03,
        -1.9726e-02,  1.9260e-02, -5.4859e-03,  2.0813e-02, -5.8929e-03,
        -6.8359e-03, -2.5331e-03, -8.6453e-03, -1.1069e-02,  3.7219e-02,
         6.8681e-03, -5.0089e-03, -1.1062e-02, -1.8824e-02, -3.5745e-03,
        -8.6127e-03, -3.2840e-03, -1.2223e-01, -1.3164e-02, -2.8345e-01,
        -7.6473e-03, -5.0959e-03,  3.7616e-03, -1.6892e-03, -2.0686e-03,
        -8.1047e-03,  4.8855e-03, -5.0163e-03,  2.2143e-02, -1.4531e-02,
        -4.0452e-03,  2.3623e-03, -1.4970e-02, -4.7194e-03,  4.7386e-02,
         4.2764e-03, -6.2611e-03, -2.1763e-03, -1.3996e-02,  5.5058e-03,
         3.5921e-03, -1.1471e-02, -4.9377e-02, -3.6836e-02, -2.6015e-01,
        -9.0722e-03, -3.9851e-03, -4.5730e-03, -2.0502e-03, -1.7223e-03,
        -5.3257e-03, -1.6935e-03,  1.0027e-02,  9.4551e-03, -1.6452e-02,
        -2.3314e-03,  6.5659e-03, -7.9117e-03, -6.6983e-03,  5.1284e-02,
         1.2396e-03, -9.0996e-03, -4.0828e-03, -2.8505e-03, -7.2214e-04,
        -1.3372e-03, -6.9441e-04, -3.9765e-02, -2.7443e-03, -2.0301e-01,
         1.5053e-04, -4.0711e-03, -2.3624e-03,  5.3038e-03, -5.0589e-03,
        -5.8193e-03,  3.4465e-03,  3.1295e-03,  1.0173e-03, -9.6895e-03,
         1.0749e-02,  4.6174e-03, -6.8139e-03, -5.6354e-03,  1.5491e-02,
        -3.7474e-03, -7.2360e-03,  3.2537e-03,  9.8577e-04,  2.2889e-03,
        -6.1097e-03, -4.6402e-03, -5.2366e-02,  3.9025e-02, -1.9741e-01,
         3.5096e-03,  2.4902e-03, -1.0200e-02,  9.5313e-03, -7.9962e-03,
        -5.0208e-03,  2.3608e-04,  9.3923e-03, -2.2958e-04, -8.1082e-03,
         4.0614e-03,  3.0330e-03, -2.9538e-03, -1.1277e-02,  2.0751e-02,
        -7.1776e-03, -9.1215e-03,  3.7299e-03, -4.6415e-04,  5.8146e-03])