tensor([-1.3045, -0.8768, -2.1153, -0.8668, -0.9326, -0.3534, -1.3522, -2.0653,
        -0.7032,  0.2798, -0.4835, -0.4873, -2.0428, -0.6316, -1.1048, -1.2563,
        -0.6042, -0.5821, -0.9949, -0.5279, -2.1353, -0.6713, -1.1949, -2.0999,
         0.3309, -0.9562, -0.8569,  0.3312, -0.6113, -1.4811, -0.6445, -2.9241,
         0.1201, -0.0848, -2.3551, -2.1151, -0.8738, -0.6413, -1.7292, -1.6169,
        -2.5076, -1.6020, -0.1668, -0.5474, -0.9811, -1.1688, -0.8501, -1.4553,
        -1.1513, -0.7396, -1.5208, -0.8421, -0.5881, -0.4743, -1.6739, -0.9360,
        -0.8838, -0.4806, -0.4622, -0.8133, -1.1472, -1.2661,  2.8697, -0.6970,
        -1.4517, -0.8333, -1.0217, -0.8843, -1.1044, -2.3556, -0.3117, -1.1382,
        -0.8417,  1.0317, -1.6995,  0.2108, -0.3597, -0.7947, -1.0972, -0.9762,
        -1.4112, -1.7850, -1.8723, -0.6728, -0.7960, -0.8825, -0.6849, -2.6405,
        -1.4141, -0.7529, -0.8194, -0.4438, -0.3184, -0.8932, -2.5637, -0.7843,
        -0.4617,  0.0084, -1.1698, -0.8807, -0.7534, -1.5777, -0.7711, -1.6182,
        -0.7359, -1.0639, -1.2674, -1.0372, -1.6244, -2.2076, -0.1175, -0.2735,
        -1.1171, -0.6408, -1.4885, -2.7114, -1.4853,  0.1676, -0.7054, -1.7966,
        -1.2479, -1.0901, -1.1222, -0.9053, -1.0318, -0.9648, -1.2394, -2.3987,
        -1.0291, -1.3684, -0.9935, -1.5931, -0.8737, -1.2270, -0.8508, -0.3777,
        -1.0213, -0.7831, -0.6512, -1.3098, -1.5886, -0.5105, -0.4565,  0.5254,
        -1.3044, -1.1847, -0.9790, -0.6307, -0.7128, -1.6790, -1.3383, -1.0341,
        -0.9841, -1.8043, -1.1210, -0.5428, -0.9527,  0.0185, -0.9014,  1.1949,
        -1.0762, -1.1467, -1.3665, -0.7078, -1.2915, -0.8358, -1.7627, -1.4314,
        -1.1539, -1.7380, -1.4440,  0.9060, -1.7923, -1.3669, -1.6620, -1.9653,
        -1.3563, -1.1738, -0.4941, -0.8969, -1.2320, -0.2059, -0.8474, -1.8373,
        -0.9272, -0.9037, -0.9496, -1.3885, -1.6807, -1.7981, -1.2472, -0.8004,
        -0.1761,  0.8669, -0.6130, -0.9157, -2.3913, -1.0955, -0.9958, -0.9229,
        -1.3135, -1.5247, -1.5385, -1.8738, -0.1230, -1.0685, -0.2888, -1.0308,
        -2.1422, -1.2688, -1.4313, -1.5307, -1.6528, -1.3261, -1.3545, -0.6131,
        -2.4471, -1.2845, -0.7381, -0.8958, -1.4526, -1.8820, -1.1427, -0.9921,
        -0.5416, -1.8239, -2.4903, -1.5762,  0.1466, -2.1575, -1.2147, -1.0900,
        -0.8548, -1.4223, -0.8413, -1.6171, -2.3100, -2.2826, -1.5371, -0.1341,
        -1.5023, -1.0658, -1.7924, -0.6939, -0.9441, -2.2789,  0.2186, -0.3465,
        -1.4431, -1.0141, -0.4719, -1.7642, -0.4201, -0.8909, -0.8193, -0.4110])