tensor([0.5863, 0.9746, 0.9565, 0.5925, 0.7173, 0.9655, 1.6536, 0.6914, 0.9478,
        0.6067, 0.8665, 0.6808, 0.9321, 0.8968, 0.6314, 0.8401, 0.6413, 0.7535,
        0.7848, 0.8826, 1.0517, 0.9740, 0.8162, 0.8024, 0.6329, 0.8947, 0.9388,
        0.5278, 1.0595, 0.6173, 0.8030, 0.9629, 0.9209, 0.5267, 0.7443, 0.6450,
        0.6764, 0.7385, 0.7644, 0.7651, 0.5694, 0.9551, 0.8744, 0.7537, 0.7231,
        0.7228, 0.6566, 0.9169, 0.5140, 1.1185, 0.9054, 0.5919, 0.9638, 0.9187,
        0.7512, 0.8823, 0.8099, 0.8721, 1.9057, 0.9227, 0.8053, 0.9531, 0.5246,
        0.9568, 0.6944, 1.0631, 0.6473, 0.8092, 0.5910, 0.9977, 0.8079, 0.7426,
        0.7149, 1.3275, 0.5361, 0.6977, 0.6685, 0.9003, 1.0150, 0.7473, 1.0119,
        0.6882, 0.6434, 0.6921, 1.1650, 0.8020, 0.7446, 1.3344, 0.6474, 1.0831,
        0.7485, 0.7218, 0.7624, 1.0058, 0.6776, 0.6959, 0.8348, 0.7763, 0.8814,
        0.8927, 0.8221, 0.6969, 0.8417, 0.9740, 0.9837, 0.7006, 1.0441, 0.8247,
        0.5363, 0.8265, 0.8171, 0.9680, 0.7427, 0.6559, 0.8755, 0.7583, 0.9185,
        0.8592, 0.7812, 0.9447, 0.6424, 0.5104, 0.9891, 0.8904, 0.8231, 1.0878,
        0.8024, 0.8988, 0.8248, 0.5656, 0.6611, 0.6784, 0.6626, 0.4936, 0.4361,
        0.8286, 0.7456, 0.7114, 1.0188, 0.7280, 0.5543, 0.6240, 0.6337, 0.9541,
        1.2058, 1.0587, 0.9210, 0.5477, 0.7055, 0.9526, 1.0196, 0.8641, 0.7477,
        0.5023, 0.8360, 0.7030, 0.8733, 0.8766, 0.8320, 0.5947, 0.8263, 0.7216,
        1.0742, 1.0292, 0.8941, 0.7670, 1.3510, 0.9792, 0.7964, 1.1244, 0.9421,
        1.0042, 0.8892, 0.7726, 0.9073, 0.7376, 1.1797, 0.8134, 2.3197, 0.8922,
        0.7657, 0.8002, 1.0527, 0.8321, 0.6431, 1.1024, 1.0301, 0.9719, 0.6542,
        0.8231, 0.5752, 0.8165, 0.6481, 0.7756, 0.8541, 0.8622, 0.9342, 1.1561,
        0.7184, 0.7047, 0.7546, 0.8391, 0.6513, 1.0167, 0.8038, 0.8454, 0.8127,
        0.6921, 1.0708, 0.8926, 0.8766, 0.7865, 0.8347, 0.5634, 1.0528, 0.3475,
        0.7941, 0.5899, 0.7687, 0.7932, 0.8333, 0.6732, 0.7878, 0.8015, 1.1155,
        0.8943, 0.7670, 0.8805, 0.8796, 0.6649, 0.6513, 0.7556, 0.7051, 0.4753,
        0.5974, 0.6579, 0.8121, 0.8363, 0.8659, 0.8893, 0.7701, 0.7133, 0.7616,
        1.2646, 0.7311, 0.6292, 0.7027, 0.7762, 0.9604, 0.7119, 1.3055, 1.0333,
        0.7407, 0.7532, 1.0602, 0.7765, 0.9207, 0.9497, 0.5534, 0.8039, 0.5332,
        0.8173, 0.5836, 0.7653, 0.6927, 0.4543, 0.8383, 0.8844, 0.9249, 0.8469,
        0.4052, 0.7344, 0.9527, 0.9717, 1.0413, 0.9083, 0.9389, 0.7638, 0.7558,
        0.8543, 1.1350, 0.6814, 0.7618, 1.1842, 0.6118, 0.8699, 1.0797, 0.9021,
        0.6920, 0.5740, 0.7480, 0.5928, 0.7888, 0.6988, 0.7123, 0.7434, 0.6821,
        0.9342, 0.9218, 1.1238, 0.9418, 0.7871, 0.8328, 0.8387, 0.7213, 0.9521,
        0.7397, 0.7857, 0.7455, 0.6129, 0.8319, 0.7714, 0.8594, 0.6924, 1.0005,
        0.7341, 0.7593, 0.9440, 0.8915, 0.9930, 1.0036, 0.5649, 0.6923, 0.8849,
        0.5935, 0.7635, 0.6774, 1.0329, 0.8783, 0.8964, 0.7877, 0.7756, 1.2619,
        0.7576, 0.7643, 0.8206, 0.9232, 0.7167, 0.9013, 0.6728, 0.7345, 1.8971,
        0.8063, 0.9360, 0.4989, 0.7827, 0.8493, 0.6349, 0.7537, 0.9663, 0.7436,
        0.4610, 0.7131, 0.8656, 0.8167, 0.8574, 0.7851, 1.0115, 0.7532, 0.6942,
        0.8130, 0.6787, 0.6564, 0.7300, 0.7474, 0.6574, 0.7643, 0.9386, 0.7734,
        0.9479, 0.6582, 0.7802, 0.7930, 0.7142, 0.8032, 0.9212, 0.8928, 0.8228,
        0.8630, 0.7366, 0.7877, 0.5631, 0.7920, 0.8703, 0.6149, 0.7802, 0.9697,
        0.8232, 0.7685, 1.2097, 0.8559, 0.7031, 1.0024, 0.6216, 0.6554, 0.7616,
        0.7681, 0.8155, 0.6172, 0.5872, 1.1836, 0.8250, 0.8802, 0.8212, 0.8419,
        0.8771, 0.8529, 0.7662, 0.9431, 0.6188, 0.6344, 0.5505, 0.9015, 0.6655,
        1.2597, 0.5972, 0.9852, 0.8435, 0.8857, 0.9832, 0.6598, 0.8517, 0.9902,
        0.8063, 0.8809, 0.7129, 0.8944, 0.7505, 0.7215, 0.6742, 0.8498, 0.8227,
        0.7206, 0.7262, 1.0187, 0.8239, 0.6905, 0.6108, 0.5982, 1.0359, 0.9921,
        0.9358, 0.8790, 0.7081, 0.9038, 0.5849, 0.8395, 1.2293, 0.7454, 0.8366,
        1.2468, 0.8541, 0.7722, 0.6525, 0.9088, 0.8697, 0.8225, 0.6126, 1.1044,
        0.7077, 0.7747, 0.5178, 0.7852, 0.7626, 1.0975, 0.7108, 0.5333, 0.7429,
        0.6077, 0.8690, 0.8739, 0.8479, 0.8998, 1.1598, 0.8789, 0.6458, 0.6789,
        0.7283, 0.7733, 0.8546, 0.8013, 0.8578, 0.9253, 0.6676, 0.9146, 0.7972,
        0.9070, 1.0620, 0.8288, 0.7331, 0.7047, 0.6863, 0.8787, 1.0414, 1.1801,
        0.6416, 1.0774, 0.7850, 0.7639, 0.8805, 0.9140, 0.8206, 0.6183, 0.5149,
        0.7725, 1.3314, 0.8358, 1.1629, 0.6462, 0.8917, 0.5864, 0.6609])