tensor([[[[ 0.9558,  0.8511,  0.9667,  ...,  0.4932,  0.2839,  0.0000],
          [-0.0048,  1.8969,  1.8969,  ...,  0.3559,  1.1010,  1.1010],
          [-0.0109,  1.8969,  1.8969,  ...,  0.3559,  1.1010,  1.1010],
          ...,
          [ 1.6522,  2.2241,  2.2241,  ...,  1.3391,  0.9129,  0.0000],
          [ 0.0510,  2.2241,  2.2241,  ...,  0.9129,  0.9129,  0.0000],
          [ 0.0510,  0.0510,  0.0000,  ...,  0.0859,  0.0000,  0.0000]],

         [[ 0.7717,  0.7420,  2.3365,  ...,  0.9105,  0.4377,  0.4377],
          [ 2.3691,  0.0096,  1.6835,  ...,  0.1468,  0.1468,  0.0000],
          [ 2.3691,  0.0096,  1.6835,  ...,  1.0594,  1.3891,  1.3891],
          ...,
          [ 1.1900,  0.4468,  1.2429,  ...,  1.5471,  1.5471,  0.0000],
          [ 1.1900,  1.3143,  1.3143,  ...,  1.5471,  1.5471,  0.0154],
          [ 0.8222,  1.3143,  1.3143,  ...,  1.0656,  1.0656,  0.0154]],

         [[ 0.6281,  0.7611,  1.9925,  ...,  2.7889,  2.7889,  0.8929],
          [ 0.4645,  0.4645,  1.4489,  ...,  0.8798,  0.8798,  0.0559],
          [ 0.4645,  0.9752,  1.4489,  ..., -0.0112,  0.2977,  0.2977],
          ...,
          [ 1.4957,  1.4957,  0.2966,  ...,  0.4140,  0.2415,  0.0000],
          [ 0.0396,  0.2390,  0.2390,  ...,  0.2415,  0.2415,  0.0000],
          [ 0.0000,  0.0000,  0.0000,  ...,  0.0000,  0.0000,  0.0000]],

         ...,

         [[ 1.1970,  1.1970,  1.4671,  ...,  2.1895,  2.1895,  0.4342],
          [-0.0126,  0.2800,  0.4691,  ...,  0.7397,  0.7533,  0.7533],
          [ 0.5249,  0.5281,  0.5281,  ...,  0.7397,  0.7533,  0.7533],
          ...,
          [ 0.3784,  0.3784,  1.1271,  ...,  1.6923,  1.6923,  0.0000],
          [-0.0428,  0.0921,  1.1271,  ...,  1.3632,  1.3632,  0.0000],
          [ 0.0000,  0.0000,  0.0000,  ...,  0.0000,  0.0000,  0.0000]],

         [[-0.0217,  1.5642,  1.5642,  ...,  2.5619,  2.5619,  0.0000],
          [-0.0054,  1.0279,  1.4238,  ...,  0.7450,  0.7450,  0.0000],
          [ 0.3444,  1.0279,  1.0279,  ...,  2.3292,  0.7998,  0.7998],
          ...,
          [ 0.2628,  0.7657,  1.5158,  ...,  0.9492,  0.9492,  0.0959],
          [ 0.7340,  0.8967,  1.3852,  ...,  0.9014,  0.5335,  0.0959],
          [ 0.7340,  0.8967,  1.3852,  ...,  0.0000,  0.0000,  0.0000]],

         [[ 0.5764,  0.3868,  0.9895,  ...,  0.3568,  0.3568,  0.0508],
          [ 1.9026,  2.2555,  2.2555,  ...,  0.3568,  0.3568,  0.0000],
          [ 1.9026,  2.2555,  2.2555,  ...,  1.4360,  0.3264,  0.0000],
          ...,
          [ 2.3938,  0.4562,  0.4562,  ...,  0.3415,  0.3415,  0.0000],
          [ 2.0573,  0.2779,  0.7963,  ...,  1.9437,  1.9437,  0.0000],
          [ 0.6852,  0.2779,  0.7963,  ...,  1.9437,  1.9437,  0.0000]]]],
       grad_fn=<MaxPool2DWithIndicesBackward0>)