tensor([[[[ 0.0024,  0.0023,  0.0023,  ...,  0.0023,  0.0023,  0.0023],
          [ 0.0025,  0.0024,  0.0024,  ...,  0.0024,  0.0024,  0.0024],
          [ 0.0025,  0.0024,  0.0024,  ...,  0.0024,  0.0024,  0.0024],
          ...,
          [ 0.0025,  0.0024,  0.0024,  ...,  0.0024,  0.0024,  0.0024],
          [ 0.0025,  0.0024,  0.0024,  ...,  0.0024,  0.0024,  0.0025],
          [ 0.0026,  0.0026,  0.0026,  ...,  0.0026,  0.0026,  0.0026]],

         [[-0.0306, -0.0306, -0.0306,  ..., -0.0306, -0.0306, -0.0305],
          [-0.0305, -0.0305, -0.0305,  ..., -0.0305, -0.0305, -0.0305],
          [-0.0305, -0.0305, -0.0305,  ..., -0.0305, -0.0305, -0.0305],
          ...,
          [-0.0305, -0.0305, -0.0305,  ..., -0.0305, -0.0305, -0.0305],
          [-0.0305, -0.0305, -0.0305,  ..., -0.0305, -0.0305, -0.0305],
          [-0.0306, -0.0306, -0.0306,  ..., -0.0306, -0.0306, -0.0306]],

         [[-0.0260, -0.0259, -0.0259,  ..., -0.0259, -0.0259, -0.0259],
          [-0.0259, -0.0258, -0.0258,  ..., -0.0258, -0.0259, -0.0259],
          [-0.0259, -0.0258, -0.0258,  ..., -0.0258, -0.0258, -0.0259],
          ...,
          [-0.0259, -0.0258, -0.0258,  ..., -0.0258, -0.0258, -0.0259],
          [-0.0259, -0.0258, -0.0258,  ..., -0.0258, -0.0258, -0.0259],
          [-0.0260, -0.0259, -0.0259,  ..., -0.0259, -0.0259, -0.0259]],

         ...,

         [[ 0.0141,  0.0141,  0.0141,  ...,  0.0141,  0.0141,  0.0140],
          [ 0.0141,  0.0141,  0.0141,  ...,  0.0141,  0.0141,  0.0141],
          [ 0.0141,  0.0141,  0.0141,  ...,  0.0141,  0.0141,  0.0141],
          ...,
          [ 0.0141,  0.0141,  0.0141,  ...,  0.0141,  0.0141,  0.0141],
          [ 0.0141,  0.0141,  0.0141,  ...,  0.0141,  0.0141,  0.0141],
          [ 0.0139,  0.0139,  0.0139,  ...,  0.0139,  0.0139,  0.0140]],

         [[-0.0056, -0.0056, -0.0056,  ..., -0.0056, -0.0056, -0.0057],
          [-0.0056, -0.0055, -0.0055,  ..., -0.0055, -0.0055, -0.0056],
          [-0.0056, -0.0055, -0.0055,  ..., -0.0055, -0.0055, -0.0056],
          ...,
          [-0.0056, -0.0055, -0.0055,  ..., -0.0055, -0.0055, -0.0056],
          [-0.0056, -0.0055, -0.0055,  ..., -0.0055, -0.0055, -0.0056],
          [-0.0058, -0.0056, -0.0056,  ..., -0.0056, -0.0056, -0.0055]],

         [[-0.0314, -0.0315, -0.0315,  ..., -0.0315, -0.0315, -0.0314],
          [-0.0314, -0.0314, -0.0314,  ..., -0.0314, -0.0314, -0.0315],
          [-0.0314, -0.0314, -0.0314,  ..., -0.0314, -0.0314, -0.0315],
          ...,
          [-0.0314, -0.0314, -0.0314,  ..., -0.0314, -0.0314, -0.0315],
          [-0.0314, -0.0314, -0.0314,  ..., -0.0314, -0.0314, -0.0315],
          [-0.0315, -0.0315, -0.0315,  ..., -0.0315, -0.0315, -0.0315]]]],
       grad_fn=<ConvolutionBackward0>)