tensor([[[[ 8.8991e-01,  1.4751e+00,  1.3631e+00,  ...,  4.3318e-01,
            9.3163e-01,  1.0371e+00],
          [ 6.6879e-02,  1.7423e+00,  5.2529e-01,  ...,  1.5650e+00,
            2.1656e+00,  1.5382e+00],
          [ 1.1751e+00,  1.9262e-01,  2.2201e+00,  ...,  6.8453e-01,
            2.2943e+00,  6.0524e-01],
          ...,
          [ 1.3939e+00,  1.1192e+00,  1.5966e+00,  ...,  7.2370e-01,
            3.7037e-01, -2.6236e-02],
          [ 8.8002e-01,  8.7484e-01,  1.5109e+00,  ..., -3.8733e-02,
            1.3564e+00,  1.2759e+00],
          [ 1.1583e+00,  1.6195e+00,  1.2765e+00,  ...,  1.2025e+00,
            6.7366e-01,  1.5199e+00]],

         [[ 9.8021e-01,  1.9132e+00,  9.5140e-01,  ...,  1.0865e+00,
            1.4347e+00,  6.5251e-01],
          [ 1.9915e+00,  7.1904e-01,  1.0303e+00,  ...,  6.1755e-01,
            8.5280e-01,  1.2902e+00],
          [ 5.6494e-01,  2.0442e+00,  1.8683e+00,  ...,  7.5076e-01,
            5.6927e-01,  1.4412e+00],
          ...,
          [ 7.7549e-01,  1.1866e+00,  1.7333e+00,  ...,  1.0313e+00,
            1.0867e+00,  7.0715e-01],
          [ 9.1209e-01,  1.0754e-01,  2.5690e+00,  ...,  1.2042e+00,
            2.4540e-01,  2.4474e+00],
          [ 1.0616e+00,  1.3811e+00,  6.6738e-01,  ...,  1.2134e+00,
            2.1285e+00,  7.6016e-01]],

         [[ 7.3612e-01,  5.2532e-01,  3.2136e-01,  ...,  1.6050e-01,
            6.3360e-01,  1.0878e+00],
          [-4.7428e-02,  2.0893e+00,  1.6990e+00,  ...,  6.3722e-01,
            1.7340e+00,  1.9403e+00],
          [ 4.3262e-01,  6.6339e-01,  8.9783e-01,  ...,  3.4846e-01,
            7.6140e-01,  1.4550e+00],
          ...,
          [ 1.4426e+00,  1.4310e+00,  2.1653e+00,  ...,  4.3098e-01,
            1.0557e-01,  7.3989e-01],
          [ 1.0587e+00,  9.5035e-01,  5.0227e-01,  ...,  7.3133e-01,
            4.1793e-01,  5.7146e-01],
          [ 1.3975e+00,  5.3568e-01,  2.2234e+00,  ...,  3.4848e-01,
            3.1922e-01,  7.7302e-01]],

         ...,

         [[ 3.1283e+00,  1.3525e+00,  2.3195e+00,  ...,  1.2746e+00,
           -1.7842e-02,  3.8610e-01],
          [ 2.0769e+00, -4.6134e-02,  7.5537e-01,  ...,  1.2829e+00,
            1.3227e+00,  5.2737e-01],
          [ 1.4404e+00,  7.1337e-01,  1.1030e+00,  ...,  3.2033e-01,
            3.0051e-01,  5.9542e-01],
          ...,
          [ 1.2533e+00,  1.7098e-01,  1.0719e+00,  ...,  9.7943e-01,
            1.3750e+00,  1.3552e+00],
          [ 2.0573e+00,  8.4685e-01,  8.1107e-01,  ...,  4.5114e-01,
            1.2717e+00,  1.1614e+00],
          [ 1.5723e+00,  1.2299e+00,  8.8080e-01,  ...,  5.2584e-01,
            7.9708e-01, -2.3752e-03]],

         [[ 4.8745e-01,  5.3762e-01,  1.7873e+00,  ...,  1.0086e+00,
            1.8069e+00,  5.7029e-01],
          [-9.0442e-04,  4.6256e-01,  7.1479e-01,  ...,  2.1688e-02,
           -4.3553e-03,  8.8236e-01],
          [-8.4641e-02,  1.3761e+00,  1.1517e+00,  ...,  1.3925e+00,
            1.3282e+00,  1.2081e+00],
          ...,
          [ 1.3211e+00,  1.7602e+00,  7.1191e-01,  ..., -5.5643e-02,
            9.9624e-01,  2.0364e+00],
          [ 1.7791e+00,  1.4873e+00,  1.6047e+00,  ...,  1.2110e+00,
            3.5697e-01,  1.0971e+00],
          [-5.2826e-02,  7.3140e-01,  3.7955e+00,  ...,  4.5880e-01,
            7.8903e-01,  7.0306e-01]],

         [[ 3.0706e+00,  1.6476e+00,  1.2606e+00,  ...,  1.4644e+00,
            5.1875e-01,  1.6924e-01],
          [ 8.1893e-01,  7.6739e-01,  1.0326e+00,  ...,  9.6497e-02,
            7.1721e-01,  8.5836e-01],
          [ 1.1354e+00,  1.8043e+00,  2.9255e-01,  ...,  3.5059e-01,
            5.0417e-01,  1.4877e+00],
          ...,
          [ 1.8564e+00,  4.3539e-01,  1.5810e+00,  ...,  3.5125e-01,
            2.5690e+00,  9.6629e-01],
          [ 1.4100e+00,  9.2787e-01,  1.2661e+00,  ...,  7.1460e-01,
            2.9850e-01,  8.1755e-01],
          [ 1.2182e+00,  5.6815e-01,  1.5018e+00,  ...,  1.5443e+00,
            6.2128e-01, -4.0404e-02]]]],
       grad_fn=<MaxPool2DWithIndicesBackward0>)