tensor([[[[-0.0123,  1.2190,  1.8266,  ...,  1.4054,  2.0927,  1.9438],
          [ 0.6726,  0.0124,  0.4707,  ...,  1.9371,  0.8205,  0.5991],
          [ 1.1743,  0.8960,  0.1946,  ...,  0.3008,  0.8136,  0.8462],
          ...,
          [ 1.2822,  1.6392,  0.8893,  ...,  1.6022,  0.6301,  1.8875],
          [ 0.8838,  0.1814,  0.6135,  ...,  0.3833,  1.5784,  1.3967],
          [ 1.2210,  1.0570,  0.3943,  ...,  0.4121, -0.0324, -0.0037]],

         [[ 1.6081,  0.2481,  1.0216,  ...,  1.2104,  0.9318,  1.9430],
          [ 1.6402,  1.3485,  1.0567,  ...,  0.9903,  1.1382,  0.8059],
          [ 1.3960,  0.9260,  1.1392,  ...,  0.7199,  2.7010,  1.5277],
          ...,
          [ 1.6874,  1.6811,  1.3156,  ...,  0.8331,  2.4067,  1.3509],
          [ 0.1841,  0.5494,  0.1923,  ...,  2.0204,  0.8930,  0.4611],
          [ 0.6575,  1.3076,  1.2782,  ...,  0.9554,  0.2493,  1.3657]],

         [[ 0.4419,  0.7813,  0.8610,  ...,  1.8133,  0.1289,  0.9614],
          [ 1.5247,  1.4664,  1.0940,  ...,  1.4154,  1.1385,  0.9630],
          [ 1.3225,  0.5595,  0.7447,  ...,  0.6075,  0.4914,  2.4637],
          ...,
          [ 0.6620,  1.9283,  1.0745,  ...,  0.9776,  2.1748,  1.2007],
          [ 0.5985,  0.0709,  1.6552,  ...,  1.2764,  0.7788,  0.9452],
          [ 0.8480,  0.5389,  1.5515,  ...,  1.0507,  1.6431,  1.0792]],

         ...,

         [[ 0.9835,  0.8055, -0.0938,  ...,  0.2466,  1.0803, -0.0783],
          [ 0.3845,  0.4553,  0.6564,  ...,  1.5727,  0.8992,  1.3831],
          [ 1.1730,  1.7824,  0.9781,  ...,  0.7424,  1.6974,  0.2799],
          ...,
          [ 1.7959,  1.4926,  1.4651,  ..., -0.0041,  3.0777, -0.0580],
          [-0.0420,  3.1126,  0.3707,  ...,  0.6599,  0.9913,  1.5700],
          [ 0.0737,  0.1317, -0.0296,  ...,  0.3831,  0.7328, -0.1723]],

         [[ 2.1617,  1.4090,  0.4001,  ...,  2.1799,  1.7012,  0.2077],
          [ 0.6667,  1.1611,  0.6219,  ...,  0.2421, -0.0221, -0.0129],
          [ 1.0510,  1.5846,  0.6500,  ...,  0.7885,  1.3182, -0.0485],
          ...,
          [ 1.5270,  0.2968,  1.8312,  ...,  1.0678,  0.0895, -0.0217],
          [ 0.0454,  0.6827,  1.3104,  ...,  1.8610,  1.2401,  0.0927],
          [ 1.1595,  2.8479,  2.0563,  ...,  1.3375,  2.7933,  1.7539]],

         [[ 0.2918,  0.7582,  0.7445,  ...,  0.5501,  1.1740, -0.0683],
          [ 0.7901,  1.5069,  0.5719,  ...,  1.2382,  1.5888, -0.0279],
          [-0.0791,  1.2039,  2.0630,  ...,  0.8936,  1.3388,  0.6707],
          ...,
          [ 1.1542,  1.5452,  0.2018,  ...,  1.2542,  0.5264,  0.7978],
          [ 2.3419,  1.1447,  1.0530,  ...,  1.5052,  1.2990, -0.0276],
          [ 1.3722,  0.5466,  2.3179,  ...,  0.3822,  1.1704, -0.0861]]]],
       grad_fn=<MaxPool2DWithIndicesBackward0>)