tensor([[[[ 2.2656e-02, -7.0364e-04, -2.5110e-02],
          [ 2.8467e-02,  7.4916e-03, -5.2641e-02],
          [ 2.1505e-02,  7.3800e-03, -5.8528e-02]],

         [[-1.1821e-02, -8.4368e-03, -4.3789e-02],
          [ 2.1512e-02,  2.5798e-02, -2.8877e-02],
          [ 3.6028e-03,  2.7550e-02, -6.4175e-02]],

         [[-3.6365e-02,  5.1869e-03,  8.7549e-02],
          [-4.6036e-02,  2.5136e-02,  2.2788e-03],
          [-7.7400e-02,  3.1824e-02,  4.9530e-03]],

         ...,

         [[ 3.6455e-02,  1.8164e-01, -2.3519e-01],
          [ 1.1150e-01,  1.9923e-01, -3.2639e-01],
          [ 1.9049e-01,  2.7426e-02, -2.2738e-01]],

         [[-5.4730e-02, -3.0828e-02,  5.7379e-02],
          [-4.7316e-02, -4.2250e-02, -5.0895e-03],
          [-1.2258e-01,  3.1178e-02,  3.4970e-02]],

         [[-6.4613e-02,  6.2400e-03,  5.0688e-02],
          [-5.9776e-02,  3.1019e-02,  7.1780e-02],
          [-7.3513e-02,  3.3984e-02,  4.8225e-02]]],


        [[[ 9.7471e-03, -5.3350e-02, -7.1359e-04],
          [ 3.9321e-02, -3.4191e-02, -2.2436e-04],
          [ 4.2482e-02,  4.2157e-03,  2.4507e-02]],

         [[-2.8268e-02, -5.1656e-02, -1.4850e-02],
          [ 7.0848e-03, -1.0181e-03, -9.0797e-03],
          [ 2.7491e-02, -6.2489e-03,  1.5651e-02]],

         [[ 2.4211e-02,  6.2995e-02,  5.1213e-02],
          [-3.6942e-02, -2.2286e-02, -1.4960e-02],
          [-6.9159e-02, -6.4768e-02, -1.8439e-02]],

         ...,

         [[-3.4559e-03,  3.6834e-02, -6.0189e-02],
          [-1.8879e-02, -3.3769e-04, -1.6836e-02],
          [-3.7809e-02,  2.6188e-04, -1.8516e-02]],

         [[ 1.7183e-02,  3.5592e-02,  3.8377e-03],
          [-2.6294e-02,  6.1115e-03, -1.9464e-02],
          [ 6.0691e-02,  4.8778e-02,  1.2799e-03]],

         [[ 6.4316e-03, -7.7617e-03,  3.1600e-02],
          [-2.0876e-03, -5.2885e-03,  1.7348e-02],
          [-5.7601e-03, -4.1502e-03,  2.9390e-02]]],


        [[[-4.9353e-03,  3.2051e-02,  3.7731e-02],
          [-2.8393e-02, -8.2821e-03,  3.8834e-02],
          [-9.5056e-03, -1.0426e-02,  4.1083e-03]],

         [[-1.8619e-02, -1.5144e-02,  1.2771e-02],
          [-1.4668e-02,  7.2230e-03,  2.2024e-02],
          [-1.5058e-02,  7.0794e-03,  7.0014e-03]],

         [[ 4.7708e-03, -3.9948e-02, -3.8184e-02],
          [ 1.0739e-02, -6.8071e-02, -4.8729e-02],
          [ 1.3535e-02, -2.0218e-02, -8.2540e-03]],

         ...,

         [[-4.3147e-03,  3.4160e-03,  1.8003e-02],
          [-1.4286e-02, -5.3718e-02,  1.7782e-02],
          [ 8.1971e-03, -3.8123e-02,  4.1794e-02]],

         [[-5.6252e-02, -8.8004e-02, -2.8967e-02],
          [ 3.0930e-02, -6.0118e-02, -2.0508e-02],
          [ 6.8844e-02,  3.3132e-03, -1.4557e-02]],

         [[ 1.1597e-02,  6.7111e-03, -3.9684e-03],
          [ 5.1551e-03, -9.8477e-03,  1.5206e-02],
          [-1.9323e-03, -2.2387e-03,  3.8087e-03]]],


        ...,


        [[[-4.4514e-03,  5.2282e-02, -8.6772e-07],
          [ 1.6816e-02,  3.0052e-02, -5.8393e-03],
          [-1.3873e-02, -2.0313e-02, -1.2850e-02]],

         [[-2.2578e-02, -2.3219e-03, -2.8689e-03],
          [ 1.9931e-02,  9.6625e-03, -5.2751e-03],
          [ 2.7874e-02, -1.4797e-02,  4.7786e-03]],

         [[ 8.2383e-03,  1.0907e-01,  7.3847e-02],
          [ 5.3314e-02,  7.0928e-02, -2.2202e-02],
          [ 3.4089e-02,  3.2196e-02, -1.2317e-02]],

         ...,

         [[ 4.8525e-02,  7.0029e-03,  9.4977e-02],
          [-1.4106e-02, -3.6411e-02,  4.1454e-02],
          [-1.5265e-02, -6.5588e-02, -1.4606e-02]],

         [[-1.6905e-02,  1.4857e-02, -5.2520e-02],
          [ 1.4340e-03,  2.3462e-02, -2.6105e-02],
          [ 2.4128e-02,  4.3917e-02, -1.7361e-02]],

         [[-2.1543e-02, -1.3129e-02, -1.4549e-02],
          [ 1.7371e-02,  6.3646e-03, -1.0883e-02],
          [-1.4292e-02, -1.0400e-02, -4.1280e-02]]],


        [[[-4.3569e-02, -2.4494e-02,  1.1180e-02],
          [-2.2256e-02,  1.4119e-03,  4.9713e-02],
          [ 6.3315e-03, -1.4204e-02,  2.2348e-02]],

         [[-4.8805e-03, -1.3958e-02, -3.3811e-03],
          [ 1.6852e-02,  6.8352e-03,  6.2312e-03],
          [ 1.2513e-02, -5.0277e-02, -4.1348e-03]],

         [[-1.0679e-01,  9.4780e-02, -3.2092e-02],
          [-5.4277e-02,  1.1613e-01, -8.2407e-02],
          [ 1.6973e-02, -1.8490e-02, -3.9623e-02]],

         ...,

         [[ 5.5725e-02, -1.0281e-01, -3.5813e-02],
          [ 6.9379e-02, -1.3967e-01,  6.3749e-02],
          [-4.9539e-02, -4.7030e-03,  4.1970e-02]],

         [[ 8.1605e-03,  4.3902e-02, -4.2866e-02],
          [-2.9592e-02,  4.6644e-02, -8.0455e-03],
          [ 6.4317e-02, -3.5208e-02, -1.2746e-02]],

         [[-3.0403e-02,  1.9452e-02,  1.1408e-02],
          [-1.3517e-02,  2.1445e-02, -8.7377e-03],
          [ 6.5807e-03, -2.8013e-02, -3.5648e-04]]],


        [[[ 3.7318e-03,  4.9023e-02,  3.3278e-02],
          [-3.0883e-02, -1.4603e-02, -1.9431e-02],
          [-2.6150e-02, -3.4614e-02, -3.3702e-02]],

         [[-1.7388e-02,  1.0232e-01,  5.9934e-02],
          [ 2.1854e-02,  1.2039e-01,  6.0872e-02],
          [-3.2623e-02,  1.3197e-02, -3.7464e-02]],

         [[-7.9048e-02, -4.0297e-02,  2.3468e-02],
          [-1.6167e-03,  1.4843e-02,  3.0394e-02],
          [ 3.4958e-02,  2.5923e-02,  1.5426e-02]],

         ...,

         [[ 2.5941e-02,  4.9762e-02,  4.4481e-03],
          [ 1.6536e-02,  1.7080e-02, -2.0337e-02],
          [-1.9844e-02, -2.8227e-02, -2.5367e-02]],

         [[ 1.7326e-02, -1.9069e-02,  5.2486e-02],
          [-1.4309e-03,  1.0795e-03,  7.2972e-03],
          [ 6.9628e-02,  7.4859e-02,  2.9499e-02]],

         [[ 3.4615e-03, -5.1544e-03,  1.8770e-02],
          [-2.2370e-02, -2.6566e-02, -1.9255e-02],
          [-1.3322e-02,  7.4587e-03, -8.7837e-03]]]])