tensor([[[[-0.0003, -0.0030, -0.0347],
          [ 0.0087,  0.0154, -0.0182],
          [ 0.0143,  0.0150,  0.0157]],

         [[-0.0373,  0.0110,  0.1222],
          [-0.0293, -0.0930,  0.0141],
          [ 0.0157, -0.0095, -0.0090]],

         [[-0.0030,  0.0141,  0.0272],
          [-0.0163, -0.0170,  0.0189],
          [-0.0038, -0.0063, -0.0019]],

         ...,

         [[ 0.0170,  0.0493,  0.0208],
          [-0.0470, -0.0089,  0.0376],
          [-0.0098, -0.0138, -0.0088]],

         [[ 0.0128,  0.0017, -0.0095],
          [ 0.0008, -0.0132,  0.0084],
          [-0.0078, -0.0300, -0.0116]],

         [[ 0.0072, -0.0063,  0.0079],
          [-0.0078, -0.0330, -0.0242],
          [ 0.0125,  0.0092,  0.0009]]],


        [[[-0.0141, -0.0205, -0.0183],
          [ 0.0106, -0.0292,  0.0216],
          [ 0.0242, -0.0022,  0.0261]],

         [[-0.0150, -0.0222, -0.0138],
          [-0.0246, -0.0518, -0.0137],
          [-0.0066, -0.0053,  0.0034]],

         [[-0.0128, -0.0103, -0.0028],
          [-0.0075, -0.0013,  0.0120],
          [ 0.0270,  0.0583,  0.0177]],

         ...,

         [[ 0.0165,  0.0334,  0.0338],
          [-0.0123, -0.0382, -0.0127],
          [-0.0305, -0.0132, -0.0205]],

         [[-0.0059,  0.0088, -0.0169],
          [-0.0232,  0.0235, -0.0122],
          [-0.0133,  0.0210, -0.0077]],

         [[-0.0145, -0.0480, -0.0247],
          [-0.0099, -0.0123, -0.0058],
          [ 0.0047,  0.0079, -0.0247]]],


        [[[ 0.0078,  0.0182, -0.0105],
          [ 0.0303,  0.0205,  0.0087],
          [ 0.0155,  0.0320, -0.0087]],

         [[-0.0171, -0.0216, -0.0130],
          [-0.0209, -0.0306, -0.0173],
          [-0.0220, -0.0004, -0.0304]],

         [[ 0.0059,  0.0081,  0.0242],
          [ 0.0009,  0.0006,  0.0040],
          [ 0.0273,  0.0121,  0.0491]],

         ...,

         [[ 0.0017,  0.0077, -0.0148],
          [-0.0188, -0.0333, -0.0134],
          [-0.0113, -0.0095, -0.0210]],

         [[-0.0372, -0.0159, -0.0226],
          [-0.0052, -0.0068,  0.0063],
          [-0.0055,  0.0042,  0.0097]],

         [[-0.0069,  0.0159,  0.0054],
          [ 0.0104,  0.0402,  0.0158],
          [ 0.0014,  0.0025, -0.0036]]],


        ...,


        [[[ 0.0175,  0.0228, -0.0074],
          [ 0.0386,  0.0579,  0.0171],
          [ 0.0138,  0.0261,  0.0130]],

         [[-0.0161, -0.0199, -0.0351],
          [ 0.0154,  0.0121, -0.0020],
          [ 0.0203,  0.0303,  0.0096]],

         [[-0.0264, -0.0136, -0.0147],
          [ 0.0008,  0.0205, -0.0079],
          [ 0.0037, -0.0014,  0.0007]],

         ...,

         [[ 0.0012, -0.0016, -0.0012],
          [-0.0058,  0.0044, -0.0048],
          [-0.0061,  0.0052,  0.0018]],

         [[ 0.0080,  0.0151,  0.0084],
          [ 0.0343,  0.0670,  0.0029],
          [-0.0035, -0.0043,  0.0160]],

         [[ 0.0169,  0.0089,  0.0049],
          [ 0.0024, -0.0047,  0.0094],
          [-0.0112, -0.0005,  0.0139]]],


        [[[-0.0097, -0.0094, -0.0038],
          [ 0.0195,  0.0156, -0.0240],
          [ 0.0080, -0.0003, -0.0238]],

         [[ 0.0095, -0.0107,  0.0064],
          [ 0.0171, -0.0094, -0.0175],
          [ 0.0139, -0.0196, -0.0094]],

         [[-0.0525, -0.0101,  0.0282],
          [-0.0959,  0.0083,  0.0464],
          [ 0.0028,  0.0311,  0.0223]],

         ...,

         [[-0.0064, -0.0137, -0.0025],
          [ 0.0129,  0.0224,  0.0037],
          [ 0.0138, -0.0018,  0.0057]],

         [[-0.0004, -0.0121, -0.0050],
          [ 0.0139, -0.0157, -0.0101],
          [ 0.0073, -0.0194,  0.0084]],

         [[-0.0250, -0.0075,  0.0059],
          [ 0.0137,  0.0054,  0.0016],
          [ 0.0123,  0.0052,  0.0209]]],


        [[[ 0.0029,  0.0077, -0.0082],
          [ 0.0106,  0.0414,  0.0068],
          [ 0.0089,  0.0219,  0.0189]],

         [[-0.0075, -0.0104, -0.0036],
          [-0.0165, -0.0301, -0.0177],
          [ 0.0063,  0.0006,  0.0005]],

         [[ 0.0289,  0.0146,  0.0157],
          [ 0.0060, -0.0505,  0.0048],
          [ 0.0197, -0.0065,  0.0214]],

         ...,

         [[ 0.0111,  0.0229,  0.0044],
          [ 0.0080,  0.0007, -0.0093],
          [ 0.0089,  0.0207,  0.0023]],

         [[-0.0276, -0.0175, -0.0091],
          [-0.0065, -0.0256, -0.0143],
          [-0.0040,  0.0005,  0.0037]],

         [[ 0.0074, -0.0063, -0.0168],
          [ 0.0038,  0.0169,  0.0282],
          [-0.0012,  0.0246, -0.0020]]]])