tensor([[[[-0.7945, -0.9475, -1.1465,  ..., -0.8288, -0.8963,  1.7658],
          [-0.5451, -1.1215, -0.7634,  ..., -1.1179, -0.9294,  1.4806],
          [-0.6671, -0.8005, -0.8744,  ..., -0.9785, -1.1087,  0.7584],
          ...,
          [-0.5655, -1.0751, -0.7404,  ..., -0.8109, -0.9821, -0.1387],
          [-0.7363, -0.9238, -1.0646,  ..., -1.0799, -0.7799,  0.9681],
          [-0.5145, -0.3912, -0.6850,  ..., -1.0608, -0.7688, -0.0948]],

         [[-0.2057, -1.1023, -1.5094,  ..., -1.1578, -1.1984, -0.9190],
          [-0.9029, -1.7238, -1.9910,  ..., -1.9561, -1.8441, -1.6179],
          [-0.5408, -1.5400, -1.6887,  ..., -1.7429, -1.6799, -1.5642],
          ...,
          [-0.5140, -1.9866, -1.7335,  ..., -1.7695, -1.8754, -1.7419],
          [-0.7069, -1.5472, -1.7927,  ..., -1.6837, -1.6738, -1.6130],
          [-0.4396, -1.0208, -1.1970,  ..., -1.5605, -1.2032, -1.1928]],

         [[-0.9458, -0.7806, -0.7971,  ..., -0.7828, -0.8540, -0.6478],
          [-0.2384, -0.2531, -0.3815,  ..., -0.2891, -0.2924, -0.7818],
          [-0.3389, -0.3590, -0.3485,  ..., -0.1757, -0.3295, -0.7264],
          ...,
          [-0.2528, -0.0551, -0.2034,  ..., -0.0678, -0.0940, -0.6950],
          [-0.3405, -0.1318, -0.1267,  ..., -0.3016, -0.1752, -0.6192],
          [-0.8170, -0.7418, -0.7651,  ..., -0.7284, -0.7006, -0.5169]],

         ...,

         [[ 1.3431,  1.1031,  0.8533,  ...,  0.3238,  0.0137,  1.1347],
          [-0.0831, -0.1092, -0.0892,  ..., -0.0209, -0.1437,  0.8278],
          [ 1.1669, -0.0606, -0.0737,  ..., -0.0604, -0.0558,  1.3623],
          ...,
          [ 0.8415, -0.1371, -0.0833,  ..., -0.1331, -0.0246,  0.6299],
          [-0.0294, -0.1137, -0.0906,  ..., -0.0718, -0.0628,  1.3090],
          [-0.0873, -0.1250, -0.0521,  ..., -0.0650,  0.1504,  0.8744]],

         [[-0.5543, -0.7412, -0.5864,  ..., -0.4817, -0.4894,  0.5804],
          [-1.4343, -1.3721, -1.4654,  ..., -1.3594, -1.3566, -0.5554],
          [-1.2569, -1.3005, -1.3848,  ..., -1.2507, -1.2941, -0.5399],
          ...,
          [-1.1657, -1.4198, -1.2946,  ..., -1.3059, -1.4160, -0.7848],
          [-1.2357, -1.2479, -1.3171,  ..., -1.1655, -1.2452, -0.7317],
          [-0.7348, -0.9515, -0.9586,  ..., -0.7737, -0.9022, -0.6171]],

         [[-0.2400, -0.6760, -0.8338,  ..., -0.6606, -0.6090, -0.7335],
          [-0.3367, -0.8094, -0.6604,  ..., -0.8177, -0.8993, -0.8404],
          [-0.1650, -0.7670, -0.7055,  ..., -0.8626, -0.8284, -0.9316],
          ...,
          [-0.4639, -0.9357, -0.6907,  ..., -0.7734, -0.8189, -0.7353],
          [-0.4192, -0.7720, -0.7007,  ..., -0.6975, -0.7427, -0.6918],
          [-0.1749, -0.4240, -0.5126,  ..., -0.5698, -0.4123, -0.1831]]]],
       grad_fn=<MaxPool2DWithIndicesBackward0>)