tensor([[[[ 1.2425e-01,  8.4845e-01,  1.2125e+00,  ...,  1.2187e+00,
            8.0958e-01,  3.1250e-02],
          [-1.3635e+00, -2.9079e-01,  4.0227e-01,  ...,  1.2173e+00,
            8.1765e-01,  7.5288e-02],
          [-1.7473e+00, -4.4784e-01,  7.3415e-01,  ...,  1.3035e+00,
            9.1266e-01,  2.7734e-02],
          ...,
          [-1.6589e+00, -4.6413e-01,  4.6032e-01,  ...,  4.4595e-01,
            1.3003e-01,  5.7069e-01],
          [-1.5180e+00, -8.5875e-01,  2.8356e-01,  ...,  4.9296e-01,
            1.1716e-01,  1.5990e-01],
          [-1.4681e+00, -1.0546e+00,  8.5115e-02,  ...,  3.1910e-01,
            1.4179e-03,  2.3675e-01]],

         [[-5.3694e-02, -6.0067e-01,  1.2298e-01,  ..., -4.8929e-01,
           -6.2411e-01, -4.6335e-01],
          [ 3.1606e-01, -5.0526e-02,  5.1294e-01,  ...,  5.7423e-02,
           -4.5736e-01, -3.8781e-01],
          [ 1.5819e-01,  1.3482e-02,  7.0486e-01,  ...,  6.1146e-01,
            4.2419e-01,  1.3442e-01],
          ...,
          [ 6.8531e-01,  6.3201e-01,  1.4823e+00,  ...,  1.3427e+00,
            1.1719e+00,  3.3043e-01],
          [ 7.8646e-01,  7.8009e-01,  1.3371e+00,  ...,  1.2571e+00,
            1.2659e+00,  5.0359e-01],
          [ 5.9433e-01,  2.9521e-01,  5.5254e-01,  ...,  4.4441e-01,
            3.9457e-01, -1.5200e-02]],

         [[-7.9643e-01, -5.1675e-02, -3.6173e-01,  ..., -2.0704e-01,
           -3.0012e-01, -7.3944e-02],
          [-1.2724e+00, -1.3903e-02, -3.4478e-02,  ...,  1.6510e-01,
           -4.7900e-01, -4.5707e-01],
          [-1.4750e+00, -4.5960e-01, -1.5422e-01,  ...,  8.6120e-02,
           -7.6736e-01, -5.9112e-01],
          ...,
          [-1.9413e+00, -1.3231e+00, -9.2432e-01,  ..., -4.6080e-01,
           -5.4740e-01, -4.0337e-01],
          [-1.5330e+00, -8.6962e-01, -5.9826e-01,  ...,  6.1354e-02,
           -2.3282e-01, -4.3231e-01],
          [-9.2745e-01, -1.7367e-03,  1.4078e-01,  ...,  4.8390e-01,
            3.5845e-02, -6.2703e-01]],

         ...,

         [[ 6.7243e+00,  1.1376e+01,  1.2283e+01,  ...,  1.2837e+01,
            1.1558e+01,  7.6559e+00],
          [ 1.0455e+01,  1.6588e+01,  1.9705e+01,  ...,  1.8293e+01,
            1.6834e+01,  1.1174e+01],
          [ 1.0679e+01,  1.8915e+01,  2.3570e+01,  ...,  1.9099e+01,
            1.6938e+01,  1.1153e+01],
          ...,
          [ 1.1729e+01,  2.0515e+01,  2.4779e+01,  ...,  2.1820e+01,
            1.8161e+01,  1.0459e+01],
          [ 8.6854e+00,  1.5721e+01,  1.9530e+01,  ...,  1.7091e+01,
            1.3628e+01,  8.2142e+00],
          [ 5.7030e+00,  9.1571e+00,  1.1069e+01,  ...,  9.9008e+00,
            7.9516e+00,  4.6399e+00]],

         [[-1.7098e+00, -3.9716e+00, -4.1226e+00,  ..., -2.2715e+00,
           -1.5496e+00, -1.4505e+00],
          [-3.3846e+00, -6.1132e+00, -5.9993e+00,  ..., -4.6979e+00,
           -3.2314e+00, -2.4261e+00],
          [-1.9881e+00, -4.7033e+00, -5.4808e+00,  ..., -3.4558e+00,
           -1.4622e+00, -1.5119e+00],
          ...,
          [-2.3354e+00, -5.2633e+00, -6.0593e+00,  ..., -4.0678e+00,
           -2.9905e+00, -2.1088e+00],
          [-2.0317e+00, -4.8685e+00, -5.1451e+00,  ..., -4.4215e+00,
           -3.8217e+00, -2.6300e+00],
          [-9.3985e-01, -3.5462e+00, -3.6324e+00,  ..., -3.6707e+00,
           -2.6325e+00, -1.7427e+00]],

         [[ 2.3419e+00,  2.4040e+00,  3.8775e+00,  ...,  1.8474e+00,
            6.0115e-01,  7.6209e-01],
          [ 1.7212e+00,  2.3667e+00,  4.6790e+00,  ...,  2.4217e+00,
            9.5183e-01,  8.4425e-01],
          [ 3.5468e+00,  4.8421e+00,  7.3411e+00,  ...,  5.6616e+00,
            3.2561e+00,  1.4577e+00],
          ...,
          [ 3.6460e+00,  6.0645e+00,  1.1029e+01,  ...,  9.9472e+00,
            7.0307e+00,  4.4030e+00],
          [ 3.4150e+00,  5.4659e+00,  8.6584e+00,  ...,  7.9080e+00,
            6.5286e+00,  5.0904e+00],
          [ 1.4610e+00,  3.9849e+00,  5.4254e+00,  ...,  4.1408e+00,
            3.2762e+00,  3.3371e+00]]]], grad_fn=<ConvolutionBackward0>)