tensor([[[[ 6.9842e+00,  2.8859e+00, -8.4174e-02,  ...,  2.1216e+00,
            1.1511e+01,  2.0712e+00],
          [ 5.0168e+00,  3.6247e-01,  7.2327e+00,  ...,  2.8830e+00,
            1.4964e+01,  3.6408e+00],
          [ 3.7172e+00, -3.5205e-01,  8.5532e+00,  ..., -9.5346e-02,
            1.1881e+01,  8.6745e+00],
          ...,
          [ 3.9081e-01,  6.2418e+00,  1.4322e+01,  ...,  3.0314e+00,
            8.3928e+00, -1.3476e-01],
          [ 6.3795e+00,  8.5532e+00,  1.5769e+01,  ..., -9.0700e-02,
            5.7833e+00, -4.0580e-02],
          [ 5.0717e+00,  4.6390e+00,  1.0916e+01,  ...,  1.4034e+00,
            8.1100e+00,  9.9409e+00]],

         [[-8.6377e-01, -4.6877e-01, -7.2901e-01,  ..., -6.4108e-01,
           -7.7275e-01, -7.5596e-01],
          [-7.7595e-01, -4.1423e-01, -4.0455e-01,  ..., -1.0376e+00,
           -5.9176e-01, -5.2596e-01],
          [-1.0427e+00, -3.5701e-01, -3.0434e-01,  ..., -5.5313e-01,
           -8.0366e-01, -4.2142e-01],
          ...,
          [-7.0637e-01, -4.9040e-01, -8.3857e-01,  ..., -1.1725e+00,
           -1.0869e+00, -7.6499e-01],
          [-4.0200e-01, -2.5506e-01, -1.3290e+00,  ..., -1.8144e-01,
           -4.8480e-01, -6.2246e-01],
          [-1.0250e+00, -9.1049e-01, -1.3466e+00,  ..., -4.2603e-01,
           -7.2017e-01, -8.1470e-01]],

         [[-2.2679e-01, -4.4748e-02,  3.8934e+00,  ...,  4.4430e+00,
           -1.7253e-01,  3.6858e+00],
          [ 4.4868e+00,  2.8209e+00, -3.6095e-02,  ...,  5.9078e+00,
           -2.3844e-02,  1.8278e+00],
          [ 5.1760e+00,  4.4636e+00,  8.3724e+00,  ..., -4.5844e-02,
           -2.9367e-02,  6.7351e-01],
          ...,
          [ 5.8574e-01,  2.3086e-01,  2.3272e+00,  ...,  4.4640e+00,
            4.5654e-01,  2.7220e+00],
          [ 4.7641e-01,  9.0730e-01,  1.0463e+00,  ...,  3.8159e+00,
            1.2205e+00,  3.8389e+00],
          [ 1.1637e+00,  6.1331e+00,  2.9338e+00,  ...,  2.2265e+00,
            2.5127e-01,  1.3228e+00]],

         ...,

         [[ 1.6925e+01,  2.3422e+01,  4.2879e+01,  ...,  3.6006e+01,
            1.0578e+02,  6.7881e+01],
          [ 4.2313e+01,  8.2769e+01,  6.7712e+01,  ...,  6.0704e+01,
            1.6955e+01,  8.3804e+01],
          [ 6.2095e+01,  4.2455e+01,  3.4860e+01,  ...,  8.6572e+00,
            2.3070e+01,  6.1652e+01],
          ...,
          [ 3.1331e+01,  4.0719e+01,  1.0114e+02,  ...,  3.4775e+01,
            3.8020e+01,  3.6733e+01],
          [ 4.4357e+00,  5.2983e+01,  1.0370e+02,  ...,  8.8426e+00,
           -4.1724e-01,  1.5391e-01],
          [ 2.6769e+01,  2.9121e+01,  6.2047e+01,  ...,  3.8690e+01,
            5.8365e+01,  3.6933e+01]],

         [[ 1.3553e+01,  2.6948e+01,  4.5487e+01,  ...,  2.3324e+01,
            1.9690e+01,  3.3743e+01],
          [ 1.7823e+01,  1.4106e+01,  2.5758e+01,  ...,  3.5924e+01,
            5.2351e+01,  1.0998e+00],
          [ 2.3865e+00,  1.1227e+01,  1.4995e+01,  ...,  2.6670e+01,
            1.9626e+01,  1.6099e+01],
          ...,
          [ 8.0604e+01,  5.4492e+01,  1.5814e+01,  ...,  4.4408e+01,
            6.3056e+01,  3.3516e+01],
          [-6.9552e-01, -8.1051e-01, -1.2736e+00,  ...,  4.1265e+01,
            3.6359e+01,  4.5827e+01],
          [ 2.0182e+01,  6.5834e+00,  4.6096e+01,  ...,  1.4453e+01,
            2.5859e+01,  2.1762e+01]],

         [[ 1.2451e+01,  1.1481e+01,  1.7208e+00,  ...,  3.1520e+00,
            1.4332e+01,  4.3762e+00],
          [ 2.9947e+00,  3.1150e+00,  9.2960e+00,  ..., -4.4867e-01,
            1.0392e+01,  9.7684e+00],
          [ 6.9586e+00,  2.0514e+00, -5.1129e-02,  ...,  3.2636e+00,
            1.3113e+01,  1.0996e+01],
          ...,
          [ 4.3337e+00,  1.3356e+01,  7.1820e+00,  ..., -5.2862e-01,
            8.5487e+00,  3.8352e+00],
          [ 1.0675e+01,  1.6749e+01,  1.0245e+01,  ...,  2.0967e-01,
           -7.1167e-02,  2.1615e+00],
          [-4.9477e-02, -7.8145e-02,  7.8492e+00,  ...,  4.4931e+00,
            2.6063e+00,  7.4854e+00]]]],
       grad_fn=<MaxPool2DWithIndicesBackward0>)