tensor([[[[-0.7590, -1.0599, -0.7557,  ..., -0.7996, -0.9103, -0.3281],
          [-0.4386, -0.9701, -0.8760,  ..., -0.7334, -0.8239, -0.3875],
          [-0.7572, -1.1287, -0.9205,  ..., -0.9251, -0.9243, -0.3467],
          ...,
          [-0.7754, -0.9712, -0.9124,  ..., -0.8559, -0.9833, -0.4848],
          [-1.0246, -1.3879, -1.1562,  ..., -1.1594, -1.3109, -0.6660],
          [-0.6488, -1.0260, -1.0103,  ..., -0.9621, -0.9358, -0.3746]],

         [[-0.6848, -0.4633, -0.1747,  ..., -0.3347, -0.3355, -0.6241],
          [-0.6197, -0.3838, -0.2404,  ..., -0.3015, -0.2663, -0.6701],
          [-0.3860, -0.1313, -0.1304,  ..., -0.1017, -0.0340, -0.4913],
          ...,
          [-0.3963, -0.0850, -0.0447,  ..., -0.0209, -0.0533, -0.5467],
          [-0.5624, -0.2227, -0.1771,  ..., -0.1207, -0.1996, -0.5878],
          [-0.3189, -0.0702, -0.2370,  ..., -0.2275, -0.0993, -0.3128]],

         [[-0.4213, -0.8431, -0.6371,  ..., -0.6712, -0.6760, -0.3888],
          [-0.2148, -0.8294, -0.6856,  ..., -0.6430, -0.7843, -0.3982],
          [-0.1189, -0.6824, -0.5425,  ..., -0.5379, -0.6173, -0.2859],
          ...,
          [-0.0549, -0.6272, -0.5042,  ..., -0.5492, -0.5925, -0.2159],
          [-0.1635, -0.7482, -0.5029,  ..., -0.3979, -0.4869, -0.1925],
          [ 3.0000,  0.9424,  1.8126,  ...,  2.0822,  1.3052,  1.9830]],

         ...,

         [[-1.1520, -0.6978, -0.4312,  ..., -0.4063, -0.6918, -0.2446],
          [-1.2438, -0.9048, -0.7375,  ..., -0.6148, -1.2180, -0.5296],
          [-1.3652, -0.8508, -0.5859,  ..., -0.6226, -1.0380, -0.4724],
          ...,
          [-1.4013, -0.7192, -0.5390,  ..., -0.5463, -1.1763, -0.4887],
          [-1.5513, -1.2075, -1.0434,  ..., -0.8847, -1.4716, -0.6729],
          [-1.6172, -1.2819, -1.1872,  ..., -1.0563, -1.4595, -0.6933]],

         [[-0.4351, -0.3780, -0.6003,  ..., -0.6358, -0.6041, -0.5185],
          [-0.1094, -0.0218, -0.2350,  ..., -0.2396, -0.2124, -0.1397],
          [-0.1973, -0.0381, -0.2910,  ..., -0.2273, -0.2173, -0.2162],
          ...,
          [-0.0174,  1.0260, -0.2908,  ..., -0.2435, -0.2250, -0.1974],
          [-0.1938, -0.1850, -0.5811,  ..., -0.5746, -0.4934, -0.3078],
          [-0.1786,  0.0189, -0.3028,  ..., -0.2472, -0.1439, -0.0683]],

         [[-0.4685, -0.6918, -0.7683,  ..., -0.7379, -0.5768, -0.4128],
          [-0.6625, -0.8633, -0.9364,  ..., -0.9180, -0.7282, -0.4119],
          [-0.4309, -0.6877, -0.7580,  ..., -0.7025, -0.5599, -0.2268],
          ...,
          [-0.5235, -0.6502, -0.7477,  ..., -0.6436, -0.5404, -0.3104],
          [-0.1716, -0.2833, -0.3416,  ..., -0.2060, -0.0960,  0.3218],
          [-0.6680, -0.4665, -0.4422,  ..., -0.3586, -0.4421, -0.2607]]]],
       grad_fn=<IndexPutBackward0>)