tensor([[[[ 1.2351e+01, -9.2656e-01, -1.1615e+00,  ..., -1.0253e+00,
           -1.3985e+00, -9.5772e-01],
          [ 1.9810e+01, -1.0982e+00, -6.5540e-01,  ..., -1.9380e+00,
           -2.6985e-01, -1.1286e+00],
          [ 2.6821e+01, -1.5999e+00, -2.0721e+00,  ..., -1.9856e+00,
            7.5357e+00, -1.4199e+00],
          ...,
          [ 1.9499e+01, -1.3783e+00, -1.3235e+00,  ..., -7.1452e-01,
           -1.3206e+00,  5.4507e+00],
          [ 2.0869e+01, -1.0048e+00, -2.2545e+00,  ..., -1.8313e+00,
           -1.7874e-01, -1.8075e-01],
          [ 2.3235e+01, -1.2073e+00, -3.5071e-01,  ..., -8.1519e-01,
            2.2593e+00, -1.3139e+00]],

         [[-2.0712e-01, -9.6564e-01, -6.2154e-01,  ...,  1.8738e+00,
            2.5449e+00, -4.2765e-01],
          [-4.0016e-01, -7.9334e-01, -2.5594e-01,  ..., -8.4095e-01,
           -7.8865e-01, -1.4510e+00],
          [-4.6180e-01, -2.7665e-01, -7.0632e-01,  ..., -1.0205e+00,
           -6.3086e-01, -9.1732e-01],
          ...,
          [-1.4025e+00, -1.1474e+00, -7.3798e-01,  ..., -9.7545e-01,
           -7.2070e-01, -7.2747e-01],
          [-7.6726e-01, -1.1461e+00, -1.1377e+00,  ..., -1.2402e+00,
           -6.9556e-01, -6.7499e-01],
          [-7.4246e-01, -8.6384e-01, -7.6727e-01,  ..., -1.0631e+00,
           -1.0029e+00, -9.9779e-01]],

         [[-1.0293e+00, -2.4562e+00, -9.8555e-01,  ..., -1.5084e+00,
           -1.5191e+00, -1.7823e+00],
          [-1.0296e+00, -1.1123e+00, -1.1573e+00,  ..., -1.3860e+00,
           -1.0144e+00, -2.2738e+00],
          [-1.1435e+00, -1.1046e+00, -1.0333e+00,  ..., -1.9030e+00,
           -7.5806e-01, -1.8071e+00],
          ...,
          [-2.2255e+00, -1.7026e+00, -1.2507e+00,  ..., -1.3968e+00,
           -1.1029e+00, -2.2201e+00],
          [-1.8207e+00, -1.1248e+00, -1.8345e+00,  ..., -1.3294e+00,
           -6.3086e-01, -2.3331e+00],
          [-8.9679e-01, -8.3445e-01, -7.0404e-01,  ..., -1.0552e+00,
           -1.4647e+00, -1.3014e+00]],

         ...,

         [[-8.2791e-01, -9.6776e-02, -7.1130e-01,  ..., -1.4600e+00,
           -2.1191e+00, -3.4207e-01],
          [-1.7817e+00, -1.5363e+00, -2.0467e+00,  ..., -6.7184e-01,
           -1.7691e+00, -9.0369e-01],
          [-1.1929e+00, -1.4194e+00, -1.9976e+00,  ..., -1.7173e+00,
           -1.9171e+00, -9.3202e-01],
          ...,
          [-1.3632e+00, -1.1644e+00, -1.8137e+00,  ..., -1.5573e+00,
           -1.5185e+00, -5.7150e-01],
          [-1.3947e+00, -1.5145e+00, -1.9564e+00,  ..., -1.6313e+00,
           -1.9949e+00, -7.6768e-01],
          [-8.8214e-01, -9.1916e-02, -6.5829e-01,  ..., -6.0685e-01,
           -7.5904e-01,  1.8535e-01]],

         [[-5.3913e-01, -4.4507e-01, -5.3621e-01,  ..., -8.2624e-02,
           -3.6280e-01, -4.5218e-01],
          [-3.4706e-01,  5.3349e+00, -6.1263e-01,  ..., -8.6641e-01,
           -7.9077e-01, -6.5844e-01],
          [-8.5344e-01, -2.1957e-01, -7.4350e-01,  ..., -8.6883e-01,
           -5.8704e-01, -1.0143e+00],
          ...,
          [-1.4696e+00, -1.1285e+00, -9.1217e-01,  ..., -7.0830e-01,
           -5.4467e-01, -8.2075e-01],
          [-1.0634e+00, -1.3433e+00, -2.1281e-01,  ..., -6.8260e-01,
           -6.6658e-01, -3.2307e-01],
          [-4.2132e-01, -3.7495e-01, -3.1593e-01,  ..., -2.9526e-01,
           -1.0589e-01, -3.8273e-02]],

         [[-5.3051e-03, -7.1520e-01, -8.1460e-01,  ..., -1.0476e+00,
           -9.3163e-01, -1.1448e+00],
          [-5.6212e-01, -1.3898e+00, -1.2842e+00,  ..., -1.4438e+00,
           -1.0268e+00, -1.3487e+00],
          [-5.7170e-01, -1.1488e+00, -1.1290e+00,  ..., -1.2253e+00,
           -1.0901e+00, -1.2341e+00],
          ...,
          [-6.1048e-01, -1.0953e+00, -1.2265e+00,  ..., -1.2544e+00,
           -1.2384e+00, -1.2217e+00],
          [-1.0557e+00, -1.2109e+00, -1.2836e+00,  ..., -1.2772e+00,
           -1.2290e+00, -1.4602e+00],
          [-4.6771e-01, -1.3882e+00, -1.0675e+00,  ..., -1.1695e+00,
           -1.1484e+00, -1.0704e+00]]]],
       grad_fn=<MaxPool2DWithIndicesBackward0>)