tensor([[[[-2.2288, -2.5918, -2.5377,  ..., -2.9492, -2.4200, -1.1116],
          [-1.3728, -1.4247, -1.1295,  ..., -1.3473, -1.5467, -0.7263],
          [-0.9888, -1.2043, -0.6813,  ..., -0.8347, -1.3584, -0.6437],
          ...,
          [-0.4276, -0.2613, -0.1391,  ...,  1.5065, -0.3274,  2.0744],
          [-0.1270, -0.2101, -0.5708,  ..., -0.5299, -0.6740,  0.1087],
          [-0.8886, -1.2367, -1.2289,  ..., -1.7232, -1.7660, -0.9470]],

         [[ 2.8809, -0.1692, -0.5930,  ..., -0.5330, -0.1857, -0.0891],
          [ 2.1026, -0.7127, -1.5147,  ..., -1.8532, -1.6208, -0.9488],
          [-0.1262, -1.1214, -1.8171,  ..., -2.4160, -2.2883, -1.2878],
          ...,
          [-0.7033, -1.9385, -2.5678,  ..., -3.4088, -3.3815, -2.2892],
          [-0.8177, -2.2805, -3.0450,  ..., -3.5145, -3.6027, -2.3063],
          [-0.0573, -0.9637, -1.7468,  ..., -1.8279, -1.9994, -1.2796]],

         [[-2.5668, -3.9894, -3.5969,  ..., -3.5312, -2.6365, -1.5525],
          [-4.0712, -5.3187, -4.3971,  ..., -4.5328, -3.2167, -1.7262],
          [-4.0557, -5.3433, -4.2467,  ..., -4.4225, -3.1197, -2.0048],
          ...,
          [-4.6924, -5.9922, -4.7388,  ..., -4.9783, -4.0315, -2.7218],
          [-5.1443, -5.9537, -4.4234,  ..., -4.9138, -4.2982, -2.7325],
          [-3.8378, -4.1442, -2.9481,  ..., -3.6103, -3.2998, -2.0009]],

         ...,

         [[-0.9549, -1.0534, -0.7827,  ..., -0.9647, -1.1727, -0.6895],
          [-0.9992, -1.1273, -0.8988,  ..., -1.4357, -1.7625, -1.3113],
          [-0.9440, -0.6915, -0.1886,  ..., -0.8577, -1.3343, -1.0856],
          ...,
          [-0.6413, -0.4449,  2.5821,  ..., -0.0285, -0.4533, -0.4600],
          [-0.9457, -0.8792, -0.3146,  ..., -0.9811, -1.1596, -0.8531],
          [-0.6315, -0.3657, -0.0440,  ..., -0.5319, -0.6569, -0.4454]],

         [[-0.8346, -1.3880, -1.0345,  ..., -1.0396, -0.7843, -0.5159],
          [-1.3690, -2.5555, -1.7797,  ..., -2.4041, -2.2978, -1.2879],
          [-0.9332, -1.5222, -0.5674,  ..., -1.8077, -1.8259, -1.0218],
          ...,
          [-1.7892, -2.0705, -0.9148,  ..., -2.4626, -2.6089, -1.6427],
          [-2.0325, -2.6157, -1.6859,  ..., -3.0357, -3.4860, -2.3647],
          [-1.2656, -1.6400, -1.1320,  ..., -1.9243, -2.5324, -1.6759]],

         [[-0.2406, -1.4206, -1.4155,  ..., -1.0843, -1.0645, -0.9156],
          [-1.5851, -3.8035, -3.4705,  ..., -2.4989, -2.5581, -2.2624],
          [-1.9608, -3.8916, -3.1600,  ..., -2.0042, -2.1392, -2.0048],
          ...,
          [-1.5395, -3.6647, -2.8759,  ..., -1.6576, -1.6517, -1.8990],
          [-0.9867, -3.0269, -2.4927,  ..., -1.5851, -1.5882, -1.8618],
          [-1.1582, -2.6413, -2.3129,  ..., -1.8933, -1.8194, -1.6442]]]],
       grad_fn=<IndexPutBackward0>)