



tensor([[[[ 2.0577e+01,  2.4579e+01,  1.7261e+01,  ...,  1.7399e+01,
            2.1178e+01,  1.3001e+01],
          [ 1.2333e+01, -8.3633e-01, -4.0456e-01,  ...,  1.5712e+01,
            4.4910e+00,  9.7661e+00],
          [ 1.5669e+01, -8.7874e-02,  1.5126e+01,  ...,  8.1329e+00,
            1.3396e+01,  9.1024e+00],
          ...,
          [ 2.6099e+01,  9.8303e+00,  1.1634e+01,  ...,  5.2239e+00,
            5.4128e+00,  2.2194e+01],
          [ 2.2324e+01,  2.3926e+01,  1.0510e+01,  ...,  6.3526e-01,
            1.5746e+01,  1.9034e+01],
          [ 7.0676e+00,  5.2342e+00,  9.5323e+00,  ...,  1.2265e+00,
            8.6382e+00,  4.6887e+00]],

         [[ 2.5270e+00,  1.8357e+00,  1.3434e-01,  ...,  3.7465e+00,
            4.6725e+00, -1.9783e-01],
          [ 2.2576e+00,  2.0086e+00, -2.8810e-01,  ..., -4.2736e-01,
           -3.3760e-02, -8.0720e-01],
          [ 2.4731e+00,  6.2826e-02, -7.2151e-03,  ..., -2.8170e-01,
           -1.3957e-01, -7.0806e-01],
          ...,
          [ 8.0201e-01, -1.5964e+00, -6.5539e-01,  ..., -4.7892e-02,
           -2.3845e-01,  2.7214e+00],
          [-2.0642e-01, -7.9649e-01, -3.0383e-01,  ..., -7.9178e-01,
           -3.8034e-01, -4.0842e-01],
          [ 3.8163e-01, -5.2708e-01, -1.7063e-01,  ..., -6.9231e-01,
           -4.0380e-02, -2.2116e-01]],

         [[-1.3639e-01,  2.3287e+01,  5.4358e+01,  ...,  9.5949e+00,
           -8.3691e-01, -3.4690e+00],
          [-1.9893e+00, -2.8369e+00, -4.9109e+00,  ..., -3.3523e+00,
           -1.2507e+00, -2.8917e+00],
          [ 1.6708e+01, -5.6576e+00, -2.4775e+00,  ..., -2.0894e+00,
           -5.7422e+00, -5.7756e+00],
          ...,
          [-1.2466e+00, -1.7382e+00, -4.2206e+00,  ..., -3.8970e+00,
           -2.8410e+00, -2.3510e+00],
          [-2.6335e+00, -3.3905e+00, -3.8953e+00,  ..., -7.4703e+00,
           -1.6835e-01, -4.9330e+00],
          [-2.6264e-01, -5.4824e+00, -2.7547e+00,  ..., -2.3589e+00,
           -2.0151e+00, -3.6077e+00]],

         ...,

         [[-2.3401e-01, -2.2506e+00, -1.8492e+00,  ..., -4.1943e+00,
           -3.9177e+00, -2.8641e+00],
          [-2.4946e+00, -4.1528e+00, -4.8236e+00,  ..., -4.5946e+00,
           -3.5663e+00, -2.1883e+00],
          [-1.9663e+00, -4.5857e+00, -4.5759e+00,  ..., -1.5253e+00,
           -2.1587e+00, -3.5195e+00],
          ...,
          [-3.6721e+00, -5.0801e+00, -3.4952e+00,  ..., -4.0929e+00,
           -3.0978e+00, -3.0472e+00],
          [-2.6297e+00, -6.7809e+00, -4.4805e+00,  ..., -4.5328e+00,
           -3.3531e+00, -2.3330e+00],
          [-1.8962e+00, -4.4442e+00, -2.1620e+00,  ..., -5.3276e+00,
           -3.0515e+00, -1.3810e+00]],

         [[-1.6181e+00, -2.0923e+00, -6.6041e+00,  ..., -1.7331e+00,
           -2.4112e+00, -2.3517e+00],
          [-7.0790e-01, -5.1541e+00, -5.2803e+00,  ..., -5.8294e+00,
           -4.1147e+00, -2.3378e+00],
          [-4.4252e+00, -3.4901e+00, -4.4892e+00,  ..., -4.8592e+00,
           -4.0272e+00, -3.8592e+00],
          ...,
          [-6.6835e+00, -3.3424e+00, -7.3100e+00,  ..., -7.0491e+00,
           -3.9434e+00, -5.6360e+00],
          [-6.1360e+00, -7.5002e+00, -4.8622e+00,  ..., -5.5527e+00,
           -1.1785e+00, -2.2608e+00],
          [ 1.9934e+00, -2.3835e+00, -1.2291e+00,  ..., -2.1712e+00,
           -2.8068e-01, -1.9233e+00]],

         [[ 3.9188e+01, -1.7918e-01,  5.1735e+01,  ...,  2.7802e+01,
            4.4936e+01,  1.6865e+01],
          [ 2.9018e+01,  3.4893e+01,  3.1106e+01,  ...,  4.5333e+01,
            6.0148e+00,  4.8776e+01],
          [ 2.8785e+01,  1.6356e+01,  4.7710e+01,  ...,  2.9324e+01,
            6.1615e+01,  1.8573e+01],
          ...,
          [ 2.0129e+01,  5.1458e+01,  3.6561e+01,  ...,  9.4675e+00,
            7.0473e+01,  1.3915e+01],
          [ 4.4226e+01,  2.6025e+01,  6.9877e+01,  ...,  5.3523e+01,
            1.7180e+01,  3.8134e+01],
          [ 3.7228e+01,  4.3417e+01,  7.7705e+01,  ...,  5.0515e+01,
            1.1381e+01,  3.7083e+01]]]],
       grad_fn=<MaxPool2DWithIndicesBackward0>)