tensor([[[[-0.4386, -0.7557, -0.6334,  ..., -0.7334, -0.3281,  0.0000],
          [-0.4386, -0.8760, -0.6334,  ..., -0.7334, -0.3467,  0.0000],
          [-0.5869, -0.8886, -0.8886,  ..., -0.8501, -0.3467,  0.0000],
          ...,
          [-0.7754, -0.9124, -0.8879,  ..., -0.8559, -0.4848,  0.0000],
          [-0.6488, -1.0103, -1.0103,  ..., -0.9358, -0.3746,  0.0000],
          [ 0.0000,  0.0000,  0.0000,  ...,  0.0000,  0.0000,  0.0000]],

         [[-0.3838, -0.1747, -0.1637,  ..., -0.2663, -0.2663,  0.0000],
          [-0.1313, -0.1304, -0.0869,  ..., -0.0340, -0.0340,  0.0000],
          [-0.1313, -0.1176, -0.0574,  ...,  0.0295,  0.0295,  0.0000],
          ...,
          [-0.0850, -0.0447, -0.0447,  ..., -0.0209, -0.0533,  0.0000],
          [-0.0702, -0.0702, -0.1771,  ..., -0.0993, -0.0993,  0.0000],
          [ 0.0000,  0.0000,  0.0000,  ...,  0.0000,  0.0000,  0.0000]],

         [[-0.2148, -0.6371, -0.5964,  ..., -0.6430, -0.3888,  0.0000],
          [-0.1189, -0.5425, -0.5310,  ..., -0.5379, -0.2859,  0.0000],
          [-0.1137, -0.4886, -0.4886,  ..., -0.5238, -0.2606,  0.0000],
          ...,
          [-0.0549, -0.5029, -0.4845,  ..., -0.3979, -0.1925,  0.0000],
          [ 3.0000,  1.8126,  1.8126,  ...,  2.0822,  1.9830,  1.9830],
          [ 3.0000,  1.8126,  1.8126,  ...,  2.0822,  1.9830,  1.9830]],

         ...,

         [[-0.6978, -0.4312, -0.4312,  ..., -0.4063, -0.2446,  0.0000],
          [-0.8508, -0.5859, -0.5267,  ..., -0.6148, -0.4724,  0.0000],
          [-0.8508, -0.5859, -0.5267,  ..., -0.6042, -0.4569,  0.0000],
          ...,
          [-0.7192, -0.5390, -0.5390,  ..., -0.5463, -0.4887,  0.0000],
          [-1.2075, -1.0434, -0.9094,  ..., -0.8847, -0.6729,  0.0000],
          [ 0.0000,  0.0000,  0.0000,  ...,  0.0000,  0.0000,  0.0000]],

         [[-0.0218, -0.0218, -0.1940,  ..., -0.2124, -0.1397,  0.0000],
          [-0.0218, -0.0218, -0.1940,  ..., -0.2124, -0.1397,  0.0000],
          [ 0.0463,  0.0463, -0.2910,  ..., -0.2173, -0.2162,  0.0000],
          ...,
          [ 1.0260,  1.0260, -0.2893,  ..., -0.2250, -0.1974,  0.0000],
          [ 0.0189,  0.0189, -0.2122,  ..., -0.1439, -0.0683,  0.0000],
          [ 0.0189,  0.0189,  0.0000,  ...,  0.0000,  0.0000,  0.0000]],

         [[-0.4685, -0.6918, -0.7205,  ..., -0.5768, -0.4119,  0.0000],
          [-0.4309, -0.6877, -0.7496,  ..., -0.5599, -0.2268,  0.0000],
          [-0.4309, -0.6456, -0.7394,  ..., -0.5599, -0.2268,  0.0000],
          ...,
          [-0.1716, -0.2833, -0.1981,  ..., -0.0960,  0.3218,  0.3218],
          [-0.1716, -0.2833, -0.1981,  ..., -0.0960,  0.3218,  0.3218],
          [ 0.0000,  0.0000,  0.0000,  ...,  0.0000,  0.0000,  0.0000]]]],
       grad_fn=<MaxPool2DWithIndicesBackward0>)