tensor([[[[ 3.1743e-02,  5.4160e-02,  5.6073e-02,  ...,  4.6162e-02,
            3.5045e-02,  4.9169e-02],
          [ 2.1291e-02,  3.0069e-02,  2.8901e-02,  ...,  1.5964e-02,
            3.3952e-02,  3.2658e-02],
          [ 1.5511e-02,  3.2333e-02,  3.1693e-02,  ...,  2.5897e-02,
            3.2290e-02,  1.1229e-02],
          ...,
          [ 3.4737e-02,  3.2034e-02,  3.4571e-02,  ...,  4.6904e-02,
            1.9978e-02,  2.8136e-02],
          [ 2.1976e-02,  3.7553e-02,  1.9590e-02,  ...,  2.7120e-02,
            3.1405e-02,  4.7652e-02],
          [ 3.2080e-02,  2.1512e-02,  2.8348e-02,  ...,  8.9664e-03,
            3.5315e-03,  1.2693e-02]],

         [[-7.6728e-04, -1.0114e-03, -1.8097e-04,  ..., -1.4518e-03,
           -8.6632e-04,  2.5125e-03],
          [-1.2900e-03, -1.1512e-04, -7.1661e-04,  ..., -1.1821e-04,
           -5.8252e-04,  1.1499e-03],
          [ 5.1328e-04, -1.1064e-03, -8.1823e-04,  ..., -1.2909e-03,
           -1.8137e-03, -7.2670e-04],
          ...,
          [-9.5930e-04, -1.6964e-03, -4.5254e-04,  ..., -9.1184e-04,
            2.2945e-03,  1.6241e-03],
          [-7.5963e-04, -1.8819e-03, -9.3061e-04,  ..., -8.2068e-04,
            1.8029e-03,  2.4534e-03],
          [ 1.8580e-03,  8.0412e-03, -4.0716e-05,  ...,  6.9341e-03,
            2.4749e-03,  1.8691e-03]],

         [[-2.9432e-03, -3.2091e-03, -2.4779e-03,  ..., -1.6259e-03,
           -1.8674e-03, -1.6143e-03],
          [-2.1011e-03, -2.0844e-03, -1.6808e-03,  ..., -3.1149e-03,
           -2.3392e-03, -1.7973e-03],
          [-6.9434e-04, -1.3890e-03, -2.1240e-03,  ..., -1.8815e-03,
           -1.0195e-03, -1.9218e-03],
          ...,
          [-1.9806e-03, -2.0474e-03, -1.9349e-03,  ..., -1.8078e-03,
           -2.0759e-03, -1.3084e-03],
          [-2.3150e-03, -1.6324e-03, -1.5545e-03,  ..., -1.1675e-03,
           -1.4967e-03, -1.1800e-03],
          [ 1.2661e-02,  7.0769e-03,  1.2926e-02,  ...,  1.6998e-02,
            1.4713e-02,  6.1137e-03]],

         ...,

         [[ 1.6821e-02,  3.0741e-02,  3.0676e-02,  ...,  1.6689e-02,
            3.0785e-02,  1.3952e-02],
          [ 1.2334e-02,  1.4637e-02,  2.4976e-02,  ...,  1.7574e-02,
            2.5273e-02,  2.2355e-02],
          [ 1.1585e-02,  1.6554e-02,  2.9600e-02,  ...,  1.8101e-02,
            1.8743e-02,  2.1464e-02],
          ...,
          [ 7.7100e-03,  2.3040e-02,  3.3016e-02,  ...,  2.3532e-02,
            1.4176e-02,  3.0758e-02],
          [ 1.4024e-02,  2.0200e-02,  9.2113e-03,  ...,  3.1720e-02,
            2.1488e-02,  1.7986e-02],
          [-3.6497e-04,  1.3195e-02,  1.0212e-02,  ...,  1.8418e-02,
            3.0686e-02,  1.3090e-02]],

         [[-1.7175e-04, -2.5419e-04, -2.8853e-04,  ..., -2.6521e-04,
           -2.4713e-04, -2.4121e-04],
          [-2.4744e-04, -3.3523e-04, -2.9904e-04,  ..., -2.9532e-04,
           -3.0040e-04, -2.6091e-04],
          [-2.5475e-04, -2.7303e-04, -3.4361e-04,  ..., -3.1878e-04,
           -3.0478e-04, -2.1996e-04],
          ...,
          [-2.3051e-04, -3.0920e-04, -2.9833e-04,  ..., -3.0878e-04,
           -2.8550e-04, -2.3816e-04],
          [-2.6105e-04, -3.0928e-04, -3.0156e-04,  ..., -2.8962e-04,
           -3.2128e-04, -2.0855e-04],
          [-2.5973e-04, -2.8958e-04, -2.6679e-04,  ..., -2.7122e-04,
           -2.6061e-04, -1.9780e-04]],

         [[-4.8152e-03, -6.6835e-03, -5.4917e-03,  ..., -5.8300e-03,
           -5.4093e-03, -3.9512e-03],
          [-8.5786e-03, -8.8538e-03, -7.9789e-03,  ..., -6.8415e-03,
           -7.1875e-03, -4.6724e-03],
          [-8.4924e-03, -8.8120e-03, -8.1583e-03,  ..., -8.5629e-03,
           -6.6141e-03, -4.9072e-03],
          ...,
          [-9.1280e-03, -7.9820e-03, -7.9214e-03,  ..., -8.2833e-03,
           -9.3327e-03, -4.3861e-03],
          [-7.9422e-03, -8.0221e-03, -7.7033e-03,  ..., -8.1522e-03,
           -7.7915e-03, -4.6530e-03],
          [-7.1262e-03, -6.8468e-03, -6.0814e-03,  ..., -6.9535e-03,
           -5.7464e-03, -2.9955e-03]]]])