tensor([[[[ 1.2291e-02,  1.2143e-02,  1.2165e-02,  ...,  1.2167e-02,
            1.2174e-02,  1.2189e-02],
          [ 1.2267e-02,  1.2174e-02,  1.2214e-02,  ...,  1.2194e-02,
            1.2214e-02,  1.2199e-02],
          [ 1.2296e-02,  1.2175e-02,  1.2187e-02,  ...,  1.2176e-02,
            1.2200e-02,  1.2202e-02],
          ...,
          [ 1.2269e-02,  1.2193e-02,  1.2173e-02,  ...,  1.2185e-02,
            1.2183e-02,  1.2220e-02],
          [ 1.2301e-02,  1.2202e-02,  1.2174e-02,  ...,  1.2184e-02,
            1.2203e-02,  1.2215e-02],
          [ 1.2274e-02,  1.2182e-02,  1.2180e-02,  ...,  1.2192e-02,
            1.2202e-02,  1.2208e-02]],

         [[-7.4117e-05, -7.0300e-05, -5.9743e-05,  ..., -6.3175e-05,
           -7.4725e-05, -1.8127e-05],
          [-8.3021e-05, -6.8323e-05, -7.4862e-05,  ..., -7.5484e-05,
           -6.6052e-05, -4.4334e-06],
          [-9.2079e-05, -7.6108e-05, -7.1891e-05,  ..., -6.2146e-05,
           -8.2386e-05, -2.8382e-06],
          ...,
          [-9.2330e-05, -6.1972e-05, -6.3258e-05,  ..., -7.2451e-05,
           -7.5333e-05,  1.4967e-04],
          [-8.4301e-05, -7.5082e-05, -5.8464e-05,  ..., -7.6884e-05,
           -7.6353e-05,  5.3646e-05],
          [ 9.4871e-04,  9.6832e-04,  8.0669e-04,  ...,  8.9798e-04,
            8.7667e-04,  8.3127e-04]],

         [[-3.9299e-04, -3.8914e-04, -3.8133e-04,  ..., -3.9039e-04,
           -3.8847e-04, -3.8561e-04],
          [-4.0952e-04, -3.9689e-04, -3.9948e-04,  ..., -3.9880e-04,
           -4.0170e-04, -3.9478e-04],
          [-4.0449e-04, -3.9830e-04, -3.9948e-04,  ..., -3.9892e-04,
           -3.9912e-04, -3.9122e-04],
          ...,
          [-4.0328e-04, -3.9773e-04, -3.9957e-04,  ..., -4.0343e-04,
           -3.9903e-04, -3.8957e-04],
          [-4.0735e-04, -4.0422e-04, -4.0425e-04,  ..., -3.9488e-04,
           -3.9987e-04, -3.9509e-04],
          [-4.1421e-04, -4.0783e-04, -4.0874e-04,  ..., -4.0308e-04,
           -4.0369e-04, -3.9923e-04]],

         ...,

         [[ 5.4847e-03,  5.4654e-03,  5.5158e-03,  ...,  5.4862e-03,
            5.5064e-03,  5.4860e-03],
          [ 5.4979e-03,  5.4852e-03,  5.4993e-03,  ...,  5.5086e-03,
            5.5000e-03,  5.4928e-03],
          [ 5.4947e-03,  5.4690e-03,  5.5023e-03,  ...,  5.5222e-03,
            5.5210e-03,  5.4833e-03],
          ...,
          [ 5.4617e-03,  5.4614e-03,  5.4971e-03,  ...,  5.4992e-03,
            5.4764e-03,  5.4784e-03],
          [ 5.4926e-03,  5.4808e-03,  5.4906e-03,  ...,  5.4779e-03,
            5.4971e-03,  5.4765e-03],
          [ 5.4730e-03,  5.4864e-03,  5.5068e-03,  ...,  5.4969e-03,
            5.4952e-03,  5.5218e-03]],

         [[-2.8020e-04, -2.8046e-04, -2.7878e-04,  ..., -2.8012e-04,
           -2.7937e-04, -2.6073e-04],
          [-2.8024e-04, -2.7759e-04, -2.7712e-04,  ..., -2.7759e-04,
           -2.7712e-04, -2.6277e-04],
          [-2.8091e-04, -2.7785e-04, -2.7662e-04,  ..., -2.7780e-04,
           -2.7697e-04, -2.6337e-04],
          ...,
          [-2.8305e-04, -2.7687e-04, -2.7651e-04,  ..., -2.8002e-04,
           -2.7688e-04, -2.5818e-04],
          [-2.8172e-04, -2.7665e-04, -2.7736e-04,  ..., -2.7910e-04,
           -2.7796e-04, -2.6042e-04],
          [-2.7924e-04, -2.7698e-04, -2.7618e-04,  ..., -2.7512e-04,
           -2.7393e-04, -2.6095e-04]],

         [[ 2.0024e-02,  2.0110e-02,  2.0042e-02,  ...,  2.0018e-02,
            1.9914e-02,  2.0531e-02],
          [ 2.0026e-02,  1.9831e-02,  1.9763e-02,  ...,  1.9819e-02,
            1.9754e-02,  2.0161e-02],
          [ 1.9963e-02,  1.9836e-02,  1.9788e-02,  ...,  1.9865e-02,
            1.9813e-02,  2.0228e-02],
          ...,
          [ 2.0108e-02,  1.9847e-02,  1.9820e-02,  ...,  1.9854e-02,
            1.9646e-02,  2.0183e-02],
          [ 2.0024e-02,  1.9774e-02,  1.9851e-02,  ...,  1.9761e-02,
            1.9724e-02,  2.0307e-02],
          [ 2.0757e-02,  2.0921e-02,  2.0742e-02,  ...,  2.0754e-02,
            2.0810e-02,  2.0982e-02]]]])