tensor([[[[-0.0006, -0.0006, -0.0006,  ..., -0.0006, -0.0006, -0.0006],
          [-0.0006, -0.0006, -0.0006,  ..., -0.0006, -0.0006, -0.0006],
          [-0.0006, -0.0006, -0.0006,  ..., -0.0006, -0.0006, -0.0006],
          ...,
          [-0.0006, -0.0006, -0.0006,  ..., -0.0006, -0.0006, -0.0006],
          [-0.0006, -0.0006, -0.0006,  ..., -0.0006, -0.0006, -0.0006],
          [-0.0006, -0.0006, -0.0006,  ..., -0.0006, -0.0006, -0.0006]],

         [[ 0.0085,  0.0085,  0.0085,  ...,  0.0085,  0.0085,  0.0089],
          [ 0.0084,  0.0084,  0.0084,  ...,  0.0084,  0.0084,  0.0089],
          [ 0.0084,  0.0084,  0.0084,  ...,  0.0085,  0.0084,  0.0089],
          ...,
          [ 0.0084,  0.0084,  0.0084,  ...,  0.0084,  0.0084,  0.0089],
          [ 0.0084,  0.0084,  0.0084,  ...,  0.0084,  0.0084,  0.0089],
          [ 0.0085,  0.0085,  0.0085,  ...,  0.0085,  0.0085,  0.0089]],

         [[ 0.0169,  0.0169,  0.0169,  ...,  0.0169,  0.0169,  0.0170],
          [ 0.0169,  0.0169,  0.0169,  ...,  0.0169,  0.0169,  0.0170],
          [ 0.0169,  0.0169,  0.0169,  ...,  0.0169,  0.0169,  0.0170],
          ...,
          [ 0.0169,  0.0169,  0.0169,  ...,  0.0169,  0.0169,  0.0170],
          [ 0.0169,  0.0169,  0.0169,  ...,  0.0169,  0.0169,  0.0170],
          [ 0.0169,  0.0169,  0.0169,  ...,  0.0169,  0.0169,  0.0170]],

         ...,

         [[-0.0009, -0.0009, -0.0009,  ..., -0.0009, -0.0009, -0.0009],
          [-0.0009, -0.0009, -0.0009,  ..., -0.0009, -0.0009, -0.0009],
          [-0.0009, -0.0009, -0.0009,  ..., -0.0009, -0.0009, -0.0009],
          ...,
          [-0.0009, -0.0009, -0.0009,  ..., -0.0009, -0.0009, -0.0009],
          [-0.0009, -0.0009, -0.0009,  ..., -0.0009, -0.0009, -0.0009],
          [-0.0009, -0.0009, -0.0009,  ..., -0.0009, -0.0009, -0.0009]],

         [[ 0.0020,  0.0020,  0.0020,  ...,  0.0020,  0.0020,  0.0021],
          [ 0.0020,  0.0020,  0.0020,  ...,  0.0020,  0.0020,  0.0021],
          [ 0.0020,  0.0020,  0.0020,  ...,  0.0020,  0.0020,  0.0021],
          ...,
          [ 0.0020,  0.0020,  0.0020,  ...,  0.0020,  0.0020,  0.0021],
          [ 0.0020,  0.0020,  0.0020,  ...,  0.0020,  0.0020,  0.0021],
          [ 0.0021,  0.0021,  0.0021,  ...,  0.0021,  0.0021,  0.0021]],

         [[ 0.0209,  0.0208,  0.0208,  ...,  0.0208,  0.0208,  0.0208],
          [ 0.0208,  0.0206,  0.0206,  ...,  0.0206,  0.0206,  0.0206],
          [ 0.0208,  0.0206,  0.0206,  ...,  0.0206,  0.0206,  0.0206],
          ...,
          [ 0.0208,  0.0206,  0.0206,  ...,  0.0206,  0.0206,  0.0206],
          [ 0.0208,  0.0206,  0.0206,  ...,  0.0206,  0.0206,  0.0206],
          [ 0.0208,  0.0206,  0.0206,  ...,  0.0206,  0.0206,  0.0206]]]])