tensor([[[[ 2.1259e-03,  2.1468e-03,  2.1467e-03,  ...,  2.1467e-03,
            2.1473e-03,  2.1241e-03],
          [ 2.0564e-03,  2.0526e-03,  2.0518e-03,  ...,  2.0517e-03,
            2.0523e-03,  2.0794e-03],
          [ 2.0569e-03,  2.0524e-03,  2.0511e-03,  ...,  2.0511e-03,
            2.0520e-03,  2.0786e-03],
          ...,
          [ 2.0569e-03,  2.0523e-03,  2.0511e-03,  ...,  2.0511e-03,
            2.0519e-03,  2.0786e-03],
          [ 2.0574e-03,  2.0523e-03,  2.0511e-03,  ...,  2.0512e-03,
            2.0520e-03,  2.0783e-03],
          [ 2.0644e-03,  2.0391e-03,  2.0382e-03,  ...,  2.0382e-03,
            2.0389e-03,  2.0783e-03]],

         [[-3.4095e-03, -3.3964e-03, -3.3959e-03,  ..., -3.3960e-03,
           -3.3969e-03, -3.3709e-03],
          [-3.3674e-03, -3.3391e-03, -3.3390e-03,  ..., -3.3391e-03,
           -3.3404e-03, -3.3487e-03],
          [-3.3682e-03, -3.3393e-03, -3.3391e-03,  ..., -3.3392e-03,
           -3.3408e-03, -3.3479e-03],
          ...,
          [-3.3682e-03, -3.3393e-03, -3.3392e-03,  ..., -3.3392e-03,
           -3.3407e-03, -3.3480e-03],
          [-3.3678e-03, -3.3390e-03, -3.3391e-03,  ..., -3.3392e-03,
           -3.3407e-03, -3.3484e-03],
          [-3.3716e-03, -3.3598e-03, -3.3599e-03,  ..., -3.3599e-03,
           -3.3604e-03, -3.3443e-03]],

         [[ 6.5285e-04,  6.1954e-04,  6.1880e-04,  ...,  6.1882e-04,
            6.1912e-04,  5.4424e-04],
          [ 6.0052e-04,  5.4264e-04,  5.4211e-04,  ...,  5.4214e-04,
            5.4295e-04,  4.4622e-04],
          [ 6.0076e-04,  5.4389e-04,  5.4320e-04,  ...,  5.4324e-04,
            5.4375e-04,  4.4693e-04],
          ...,
          [ 6.0075e-04,  5.4393e-04,  5.4319e-04,  ...,  5.4324e-04,
            5.4375e-04,  4.4690e-04],
          [ 6.0123e-04,  5.4430e-04,  5.4375e-04,  ...,  5.4374e-04,
            5.4418e-04,  4.4724e-04],
          [ 5.4772e-04,  5.1082e-04,  5.1075e-04,  ...,  5.1073e-04,
            5.1121e-04,  4.4155e-04]],

         ...,

         [[ 3.6166e-04,  4.2695e-04,  4.2685e-04,  ...,  4.2686e-04,
            4.2615e-04,  4.2257e-04],
          [ 4.0048e-04,  4.7539e-04,  4.7566e-04,  ...,  4.7572e-04,
            4.7542e-04,  4.6151e-04],
          [ 4.0032e-04,  4.7611e-04,  4.7698e-04,  ...,  4.7700e-04,
            4.7698e-04,  4.6303e-04],
          ...,
          [ 4.0045e-04,  4.7620e-04,  4.7708e-04,  ...,  4.7708e-04,
            4.7700e-04,  4.6303e-04],
          [ 3.9965e-04,  4.7599e-04,  4.7701e-04,  ...,  4.7703e-04,
            4.7727e-04,  4.6325e-04],
          [ 3.6912e-04,  3.7409e-04,  3.7532e-04,  ...,  3.7528e-04,
            3.7590e-04,  4.0272e-04]],

         [[-1.6183e-05,  5.3384e-05,  5.3539e-05,  ...,  5.3448e-05,
            5.3094e-05,  7.5326e-05],
          [ 2.3070e-05,  1.5483e-04,  1.5507e-04,  ...,  1.5503e-04,
            1.5571e-04,  1.8033e-04],
          [ 2.2269e-05,  1.5453e-04,  1.5506e-04,  ...,  1.5505e-04,
            1.5621e-04,  1.8112e-04],
          ...,
          [ 2.2239e-05,  1.5448e-04,  1.5499e-04,  ...,  1.5502e-04,
            1.5614e-04,  1.8103e-04],
          [ 2.2716e-05,  1.5408e-04,  1.5477e-04,  ...,  1.5483e-04,
            1.5590e-04,  1.8012e-04],
          [-1.6740e-05,  6.5690e-05,  6.6384e-05,  ...,  6.6442e-05,
            6.7398e-05,  9.9247e-05]],

         [[-7.6114e-04, -8.0018e-04, -8.0171e-04,  ..., -8.0176e-04,
           -8.0010e-04, -7.5665e-04],
          [-7.4575e-04, -7.5712e-04, -7.5915e-04,  ..., -7.5919e-04,
           -7.5713e-04, -7.1090e-04],
          [-7.4541e-04, -7.5568e-04, -7.5749e-04,  ..., -7.5753e-04,
           -7.5550e-04, -7.0961e-04],
          ...,
          [-7.4528e-04, -7.5557e-04, -7.5741e-04,  ..., -7.5748e-04,
           -7.5556e-04, -7.0963e-04],
          [-7.4518e-04, -7.5553e-04, -7.5702e-04,  ..., -7.5708e-04,
           -7.5556e-04, -7.0932e-04],
          [-6.5679e-04, -6.3796e-04, -6.3862e-04,  ..., -6.3863e-04,
           -6.3782e-04, -6.3635e-04]]]])