tensor([[[[ 1.2727e-03,  1.8704e-02, -6.5286e-04,  ...,  4.9161e-03,
           -3.7933e-03,  1.2807e-02],
          [-5.0963e-04, -1.6172e-03, -3.6320e-03,  ..., -1.8221e-03,
            1.4577e-02,  9.0869e-02],
          [ 3.5474e-02, -1.6558e-03, -8.4536e-04,  ..., -1.8918e-03,
           -6.1667e-04, -3.3375e-03],
          ...,
          [ 3.9362e-02,  9.8256e-02,  2.3608e-02,  ..., -2.3398e-04,
            3.8312e-02, -9.3937e-05],
          [-8.4599e-04,  1.7320e-02, -6.0329e-04,  ..., -5.9199e-04,
            1.6323e-02,  1.3019e-02],
          [ 4.8938e-02,  2.8450e-02, -8.9188e-04,  ...,  2.7601e-02,
           -7.0513e-04,  2.2191e-02]],

         [[ 3.9819e-02,  1.7359e-02, -5.4574e-05,  ..., -3.6345e-03,
            2.9448e-02,  1.7499e-03],
          [ 4.8236e-02,  2.9095e-02,  4.6633e-02,  ...,  6.1903e-02,
            1.1232e-01,  3.6699e-02],
          [ 6.9187e-02,  5.7902e-02,  4.7220e-02,  ...,  3.5155e-02,
            5.5512e-02,  1.2797e-02],
          ...,
          [ 7.0379e-02,  5.1635e-02,  2.7661e-02,  ...,  1.7121e-02,
            5.2850e-02,  5.1423e-02],
          [ 9.3118e-02,  8.6299e-03,  3.8185e-02,  ...,  7.2346e-02,
            1.0772e-01,  6.7258e-02],
          [ 4.0663e-02,  9.4459e-02,  5.6785e-02,  ...,  8.6683e-02,
            1.1480e-01,  6.9409e-02]],

         [[ 5.0026e-02,  1.1803e-02,  5.8741e-02,  ...,  6.3862e-02,
            7.1030e-02,  8.0423e-02],
          [ 5.1221e-02,  5.8028e-02,  5.9715e-02,  ...,  4.3470e-02,
            7.8744e-02,  8.6641e-02],
          [ 5.4854e-02,  7.3229e-02,  1.0217e-01,  ...,  8.3892e-02,
            1.2121e-01,  8.6751e-02],
          ...,
          [ 2.3677e-02,  5.8884e-02,  4.7896e-02,  ...,  4.6297e-02,
            1.0971e-01,  7.2229e-02],
          [ 2.7510e-02,  1.2424e-01,  3.5383e-02,  ...,  8.1898e-02,
            5.5677e-02,  4.2752e-02],
          [ 2.3664e-02,  6.2030e-02,  3.2688e-02,  ...,  5.8199e-02,
            8.7203e-02,  6.1841e-02]],

         ...,

         [[ 1.7875e-01,  3.5399e-01,  2.3020e-01,  ...,  2.6795e-01,
            1.8254e-01,  2.7038e-01],
          [ 1.6882e-01,  1.6682e-01,  2.2069e-01,  ...,  2.2038e-01,
            3.2841e-01,  2.9281e-01],
          [ 3.5173e-01,  2.4978e-01,  1.3440e-01,  ...,  2.7501e-01,
            2.7029e-01,  2.2360e-01],
          ...,
          [ 2.3825e-01,  2.0911e-01,  2.3912e-01,  ...,  1.6161e-01,
            3.3979e-01,  9.5368e-02],
          [ 3.2504e-01,  2.4910e-01,  2.3542e-01,  ...,  1.8165e-01,
            3.0937e-01,  1.6996e-01],
          [ 5.8730e-02,  2.8647e-01,  1.3641e-01,  ...,  2.9506e-01,
            1.9657e-01,  1.8500e-01]],

         [[ 4.3527e-01,  8.3695e-01,  6.5366e-01,  ...,  4.3030e-01,
            5.5987e-01,  5.9442e-01],
          [ 4.6159e-01,  4.5343e-01,  3.1214e-01,  ...,  5.7284e-01,
            4.6771e-01,  5.5187e-01],
          [ 5.2300e-01,  4.0184e-01,  4.0340e-01,  ...,  5.9416e-01,
            3.8058e-01,  6.2799e-01],
          ...,
          [ 4.3869e-01,  4.2876e-01,  4.8842e-01,  ...,  5.0451e-01,
            4.2853e-01,  5.8864e-01],
          [ 5.0603e-01,  7.0959e-01,  3.9984e-01,  ...,  4.2986e-01,
            3.0581e-01,  4.8738e-01],
          [ 3.7472e-01,  5.1593e-01,  4.9197e-01,  ...,  4.1733e-01,
            3.2066e-01,  4.3964e-01]],

         [[ 1.0309e-01, -1.1952e-03, -1.2951e-03,  ..., -7.6618e-03,
           -2.6418e-03, -1.0513e-03],
          [ 1.2088e-01,  3.0133e-01,  1.0297e-01,  ...,  2.1631e-02,
            8.7914e-03,  9.4847e-02],
          [-4.1871e-03, -1.1021e-02, -1.0118e-03,  ...,  7.4180e-02,
           -7.1746e-05,  2.5904e-01],
          ...,
          [-5.4560e-03, -3.9791e-05,  3.5814e-02,  ...,  1.0253e-01,
            1.8426e-02,  6.7521e-02],
          [ 2.6563e-02, -7.9983e-03,  1.3333e-01,  ..., -6.9522e-03,
            4.8906e-02,  1.5178e-01],
          [ 1.0697e-01,  8.4730e-02,  9.0323e-02,  ...,  1.3765e-01,
            7.7551e-03,  1.1115e-01]]]])