tensor([[[[ 0.0009,  0.0007,  0.0007,  ...,  0.0007,  0.0007,  0.0004],
          [ 0.0007,  0.0005,  0.0005,  ...,  0.0005,  0.0005,  0.0003],
          [ 0.0007,  0.0005,  0.0005,  ...,  0.0005,  0.0005,  0.0003],
          ...,
          [ 0.0007,  0.0005,  0.0005,  ...,  0.0005,  0.0005,  0.0003],
          [ 0.0007,  0.0005,  0.0005,  ...,  0.0005,  0.0005,  0.0003],
          [ 0.0004,  0.0002,  0.0002,  ...,  0.0002,  0.0002,  0.0002]],

         [[ 0.0033,  0.0033,  0.0033,  ...,  0.0033,  0.0033,  0.0035],
          [ 0.0032,  0.0032,  0.0032,  ...,  0.0032,  0.0032,  0.0038],
          [ 0.0032,  0.0032,  0.0032,  ...,  0.0032,  0.0032,  0.0038],
          ...,
          [ 0.0032,  0.0032,  0.0032,  ...,  0.0032,  0.0032,  0.0038],
          [ 0.0032,  0.0032,  0.0032,  ...,  0.0032,  0.0032,  0.0038],
          [ 0.0030,  0.0030,  0.0030,  ...,  0.0030,  0.0030,  0.0035]],

         [[-0.0004, -0.0004, -0.0004,  ..., -0.0004, -0.0004, -0.0004],
          [-0.0004, -0.0004, -0.0004,  ..., -0.0004, -0.0004, -0.0004],
          [-0.0004, -0.0004, -0.0004,  ..., -0.0004, -0.0004, -0.0004],
          ...,
          [-0.0004, -0.0004, -0.0004,  ..., -0.0004, -0.0004, -0.0004],
          [-0.0004, -0.0004, -0.0004,  ..., -0.0004, -0.0004, -0.0004],
          [-0.0004, -0.0004, -0.0004,  ..., -0.0004, -0.0004, -0.0004]],

         ...,

         [[-0.0003, -0.0003, -0.0003,  ..., -0.0003, -0.0003, -0.0002],
          [-0.0003, -0.0002, -0.0002,  ..., -0.0002, -0.0002, -0.0002],
          [-0.0003, -0.0002, -0.0002,  ..., -0.0002, -0.0002, -0.0002],
          ...,
          [-0.0003, -0.0002, -0.0002,  ..., -0.0002, -0.0002, -0.0002],
          [-0.0003, -0.0002, -0.0002,  ..., -0.0002, -0.0002, -0.0002],
          [-0.0002, -0.0002, -0.0002,  ..., -0.0002, -0.0002, -0.0002]],

         [[ 0.0072,  0.0071,  0.0071,  ...,  0.0071,  0.0071,  0.0072],
          [ 0.0073,  0.0071,  0.0071,  ...,  0.0071,  0.0071,  0.0072],
          [ 0.0073,  0.0071,  0.0071,  ...,  0.0071,  0.0071,  0.0072],
          ...,
          [ 0.0073,  0.0071,  0.0071,  ...,  0.0071,  0.0071,  0.0072],
          [ 0.0073,  0.0071,  0.0071,  ...,  0.0071,  0.0071,  0.0072],
          [ 0.0073,  0.0071,  0.0071,  ...,  0.0071,  0.0071,  0.0071]],

         [[-0.0009, -0.0009, -0.0009,  ..., -0.0009, -0.0009, -0.0009],
          [-0.0009, -0.0009, -0.0009,  ..., -0.0009, -0.0009, -0.0009],
          [-0.0009, -0.0009, -0.0009,  ..., -0.0009, -0.0009, -0.0009],
          ...,
          [-0.0009, -0.0009, -0.0009,  ..., -0.0009, -0.0009, -0.0009],
          [-0.0009, -0.0009, -0.0009,  ..., -0.0009, -0.0009, -0.0009],
          [-0.0009, -0.0009, -0.0009,  ..., -0.0009, -0.0009, -0.0009]]]])