tensor([[[[ 0.0026,  0.0025,  0.0025,  ...,  0.0025,  0.0025,  0.0025],
          [ 0.0027,  0.0026,  0.0026,  ...,  0.0026,  0.0026,  0.0025],
          [ 0.0027,  0.0026,  0.0026,  ...,  0.0026,  0.0026,  0.0025],
          ...,
          [ 0.0027,  0.0026,  0.0026,  ...,  0.0026,  0.0026,  0.0025],
          [ 0.0027,  0.0026,  0.0026,  ...,  0.0026,  0.0026,  0.0025],
          [ 0.0027,  0.0027,  0.0027,  ...,  0.0027,  0.0027,  0.0026]],

         [[-0.0002, -0.0002, -0.0002,  ..., -0.0002, -0.0002, -0.0002],
          [-0.0002, -0.0002, -0.0002,  ..., -0.0002, -0.0002, -0.0002],
          [-0.0002, -0.0002, -0.0002,  ..., -0.0002, -0.0002, -0.0002],
          ...,
          [-0.0002, -0.0002, -0.0002,  ..., -0.0002, -0.0002, -0.0002],
          [-0.0002, -0.0002, -0.0002,  ..., -0.0002, -0.0002, -0.0002],
          [-0.0002, -0.0002, -0.0002,  ..., -0.0002, -0.0002, -0.0002]],

         [[ 0.0024,  0.0023,  0.0023,  ...,  0.0023,  0.0023,  0.0022],
          [ 0.0025,  0.0024,  0.0024,  ...,  0.0024,  0.0024,  0.0024],
          [ 0.0025,  0.0024,  0.0024,  ...,  0.0024,  0.0024,  0.0024],
          ...,
          [ 0.0025,  0.0024,  0.0024,  ...,  0.0024,  0.0024,  0.0024],
          [ 0.0024,  0.0024,  0.0024,  ...,  0.0024,  0.0024,  0.0024],
          [ 0.0023,  0.0023,  0.0023,  ...,  0.0023,  0.0023,  0.0023]],

         ...,

         [[-0.0005, -0.0005, -0.0005,  ..., -0.0005, -0.0005, -0.0005],
          [-0.0005, -0.0005, -0.0005,  ..., -0.0005, -0.0005, -0.0005],
          [-0.0005, -0.0005, -0.0005,  ..., -0.0005, -0.0005, -0.0005],
          ...,
          [-0.0005, -0.0005, -0.0005,  ..., -0.0005, -0.0005, -0.0005],
          [-0.0005, -0.0005, -0.0005,  ..., -0.0005, -0.0005, -0.0005],
          [-0.0005, -0.0005, -0.0005,  ..., -0.0005, -0.0005, -0.0005]],

         [[-0.0019, -0.0019, -0.0019,  ..., -0.0019, -0.0019, -0.0019],
          [-0.0019, -0.0019, -0.0019,  ..., -0.0019, -0.0019, -0.0019],
          [-0.0019, -0.0019, -0.0019,  ..., -0.0019, -0.0019, -0.0019],
          ...,
          [-0.0019, -0.0019, -0.0019,  ..., -0.0019, -0.0019, -0.0019],
          [-0.0019, -0.0019, -0.0019,  ..., -0.0019, -0.0019, -0.0019],
          [-0.0019, -0.0019, -0.0019,  ..., -0.0019, -0.0019, -0.0019]],

         [[-0.0013, -0.0013, -0.0013,  ..., -0.0013, -0.0013, -0.0013],
          [-0.0013, -0.0013, -0.0013,  ..., -0.0013, -0.0013, -0.0013],
          [-0.0013, -0.0013, -0.0013,  ..., -0.0013, -0.0013, -0.0013],
          ...,
          [-0.0013, -0.0013, -0.0013,  ..., -0.0013, -0.0013, -0.0013],
          [-0.0013, -0.0013, -0.0013,  ..., -0.0013, -0.0013, -0.0013],
          [-0.0013, -0.0013, -0.0013,  ..., -0.0013, -0.0013, -0.0013]]]])