tensor([[[[ 1.3623e-03,  1.8188e-03,  1.3415e-03,  ...,  1.9101e-03,
            1.1892e-03,  1.8742e-03],
          [ 6.8386e-04,  5.5535e-04,  4.6485e-04,  ...,  1.5297e-03,
            4.4508e-04,  3.7569e-05],
          [ 7.0442e-04,  8.6064e-04,  6.6226e-04,  ...,  6.5438e-04,
            5.0366e-04,  5.7491e-04],
          ...,
          [ 3.3366e-04,  1.1014e-03,  9.7671e-04,  ...,  5.9551e-04,
            1.2262e-03, -2.6646e-06],
          [ 1.0055e-03,  4.3467e-04,  6.4081e-04,  ...,  5.9691e-04,
            6.9474e-04,  5.8749e-04],
          [ 1.9950e-03,  8.6940e-04,  1.1089e-03,  ...,  8.4860e-04,
            3.7652e-04,  5.2695e-04]],

         [[ 4.5680e-03,  2.6070e-03,  2.6785e-03,  ...,  1.5369e-03,
            5.8830e-04,  2.8901e-03],
          [ 3.3860e-03,  1.2179e-03,  2.4941e-03,  ...,  1.6366e-03,
            2.9719e-03,  1.5898e-03],
          [ 2.0872e-03,  4.0041e-03,  3.1959e-03,  ...,  2.5345e-03,
            2.8779e-03,  1.3278e-03],
          ...,
          [ 3.3147e-03,  2.4093e-03,  2.2753e-03,  ...,  1.7212e-03,
            3.0580e-03,  1.9290e-03],
          [ 2.2286e-03,  1.3208e-03,  4.3926e-03,  ...,  4.8674e-03,
            3.8997e-03,  2.3587e-03],
          [ 4.1908e-03,  3.0328e-03,  3.3043e-03,  ...,  4.6577e-03,
            2.6751e-03,  3.3477e-03]],

         [[-4.3512e-05, -2.1922e-04, -1.3493e-04,  ..., -1.7357e-04,
           -1.0288e-04, -4.9513e-05],
          [-2.0412e-04, -2.9362e-04, -3.1721e-04,  ..., -2.3680e-04,
           -2.8876e-04, -8.4390e-05],
          [-1.7664e-04, -1.5538e-04, -1.6163e-04,  ..., -2.4229e-04,
           -2.4621e-04, -1.0837e-04],
          ...,
          [-2.4088e-04, -3.5572e-04, -1.9813e-04,  ..., -3.1743e-04,
           -2.7379e-04, -1.8778e-04],
          [-2.9015e-04, -3.0201e-04, -2.0680e-04,  ..., -2.8913e-04,
           -3.3358e-04, -1.6443e-04],
          [-4.3225e-05, -2.9385e-05, -1.1029e-04,  ..., -1.6180e-04,
           -1.9829e-04, -6.2538e-05]],

         ...,

         [[-3.0994e-04, -2.6475e-04, -2.6325e-04,  ..., -2.8229e-04,
           -2.7897e-04, -2.8212e-04],
          [-3.0860e-04, -3.2612e-04, -4.0785e-04,  ..., -3.9949e-04,
           -3.6390e-04, -3.7185e-04],
          [-3.0356e-04, -3.1254e-04, -4.5139e-04,  ..., -3.7731e-04,
           -3.3534e-04, -3.8998e-04],
          ...,
          [-2.8582e-04, -3.4501e-04, -3.0824e-04,  ..., -3.6915e-04,
           -3.3726e-04, -4.1865e-04],
          [-3.1876e-04, -3.1527e-04, -3.4251e-04,  ..., -3.7267e-04,
           -3.2224e-04, -4.6957e-04],
          [-3.1703e-04, -3.5097e-04, -4.0883e-04,  ..., -4.0589e-04,
           -4.1108e-04, -3.6854e-04]],

         [[-1.7395e-04, -3.6799e-04, -2.6916e-04,  ..., -3.1625e-04,
           -3.0937e-04, -3.3703e-04],
          [-2.2540e-04, -2.7921e-04, -3.3851e-04,  ..., -3.5163e-04,
           -2.9639e-04, -2.9071e-04],
          [-2.8815e-04, -3.7084e-04, -3.8359e-04,  ..., -3.9420e-04,
           -4.0859e-04, -3.3466e-04],
          ...,
          [-2.3407e-04, -3.9665e-04, -2.6553e-04,  ..., -3.6390e-04,
           -3.5710e-04, -2.7442e-04],
          [-2.6710e-04, -3.6835e-04, -4.1278e-04,  ..., -3.1638e-04,
           -3.9031e-04, -2.4400e-04],
          [-2.4858e-04, -2.6269e-04, -2.7463e-04,  ..., -2.3098e-04,
           -2.7419e-04, -9.0687e-05]],

         [[ 5.1717e-03,  5.1458e-03,  5.2264e-03,  ...,  5.2308e-03,
            5.1324e-03,  5.1151e-03],
          [ 5.1041e-03,  5.1536e-03,  5.1967e-03,  ...,  5.0768e-03,
            5.1627e-03,  5.1859e-03],
          [ 5.0723e-03,  5.1808e-03,  5.1426e-03,  ...,  5.1154e-03,
            5.1487e-03,  5.1839e-03],
          ...,
          [ 5.1332e-03,  5.1684e-03,  5.1413e-03,  ...,  5.1441e-03,
            5.1871e-03,  5.2014e-03],
          [ 5.1204e-03,  5.1961e-03,  5.1925e-03,  ...,  5.1548e-03,
            5.1847e-03,  5.1538e-03],
          [ 5.1121e-03,  5.1845e-03,  5.1628e-03,  ...,  5.1951e-03,
            5.2563e-03,  5.2020e-03]]]])