tensor([[[[ 0.0099,  0.0099,  0.0099,  ...,  0.0099,  0.0099,  0.0099],
          [ 0.0099,  0.0099,  0.0099,  ...,  0.0099,  0.0099,  0.0099],
          [ 0.0099,  0.0099,  0.0099,  ...,  0.0099,  0.0099,  0.0099],
          ...,
          [ 0.0099,  0.0099,  0.0099,  ...,  0.0099,  0.0099,  0.0099],
          [ 0.0099,  0.0099,  0.0099,  ...,  0.0099,  0.0099,  0.0099],
          [ 0.0099,  0.0099,  0.0099,  ...,  0.0099,  0.0099,  0.0099]],

         [[-0.0002, -0.0002, -0.0002,  ..., -0.0002, -0.0002,  0.0000],
          [-0.0003, -0.0003, -0.0003,  ..., -0.0003, -0.0003,  0.0000],
          [-0.0003, -0.0003, -0.0003,  ..., -0.0003, -0.0003,  0.0000],
          ...,
          [-0.0003, -0.0003, -0.0003,  ..., -0.0003, -0.0003,  0.0000],
          [-0.0003, -0.0003, -0.0003,  ..., -0.0003, -0.0003,  0.0000],
          [ 0.0000,  0.0000,  0.0000,  ...,  0.0000,  0.0000,  0.0000]],

         [[-0.0003, -0.0003, -0.0003,  ..., -0.0003, -0.0003,  0.0000],
          [-0.0003, -0.0003, -0.0003,  ..., -0.0003, -0.0003,  0.0000],
          [-0.0003, -0.0003, -0.0003,  ..., -0.0003, -0.0003,  0.0000],
          ...,
          [-0.0003, -0.0003, -0.0003,  ..., -0.0003, -0.0003,  0.0000],
          [-0.0003, -0.0003, -0.0003,  ..., -0.0003, -0.0003,  0.0000],
          [ 0.0000,  0.0000,  0.0000,  ...,  0.0000,  0.0000,  0.0000]],

         ...,

         [[-0.0018, -0.0019, -0.0019,  ..., -0.0019, -0.0018,  0.0000],
          [-0.0019, -0.0019, -0.0019,  ..., -0.0019, -0.0018,  0.0000],
          [-0.0019, -0.0019, -0.0019,  ..., -0.0019, -0.0018,  0.0000],
          ...,
          [-0.0019, -0.0019, -0.0019,  ..., -0.0019, -0.0018,  0.0000],
          [-0.0019, -0.0019, -0.0019,  ..., -0.0019, -0.0018,  0.0000],
          [ 0.0000,  0.0000,  0.0000,  ...,  0.0000,  0.0000,  0.0000]],

         [[ 0.0034,  0.0034,  0.0034,  ...,  0.0034,  0.0034,  0.0034],
          [ 0.0034,  0.0034,  0.0034,  ...,  0.0034,  0.0034,  0.0034],
          [ 0.0034,  0.0034,  0.0034,  ...,  0.0034,  0.0034,  0.0034],
          ...,
          [ 0.0034,  0.0034,  0.0034,  ...,  0.0034,  0.0034,  0.0034],
          [ 0.0034,  0.0034,  0.0034,  ...,  0.0034,  0.0034,  0.0034],
          [ 0.0033,  0.0033,  0.0033,  ...,  0.0033,  0.0033,  0.0033]],

         [[ 0.0127,  0.0125,  0.0125,  ...,  0.0125,  0.0125,  0.0122],
          [ 0.0127,  0.0125,  0.0125,  ...,  0.0125,  0.0125,  0.0122],
          [ 0.0127,  0.0125,  0.0125,  ...,  0.0125,  0.0125,  0.0122],
          ...,
          [ 0.0128,  0.0125,  0.0125,  ...,  0.0125,  0.0125,  0.0122],
          [ 0.0128,  0.0126,  0.0126,  ...,  0.0126,  0.0126,  0.0122],
          [ 0.0128,  0.0126,  0.0126,  ...,  0.0126,  0.0126,  0.0118]]]])