tensor([[[[ 1.0356e-01,  9.5894e-02,  5.3154e-02],
          [ 9.4412e-02,  9.5224e-02,  4.2746e-02],
          [ 4.0842e-02,  9.5658e-03, -3.5292e-02]],

         [[ 1.0901e-02, -1.3113e-02, -2.2429e-02],
          [ 5.1262e-02,  1.5598e-02,  9.2848e-03],
          [ 2.7234e-02, -5.2556e-03, -2.5702e-02]],

         [[ 3.6233e-02,  6.0609e-02,  5.1322e-02],
          [-2.4347e-02,  9.3589e-03,  1.4706e-02],
          [-5.3321e-02, -1.9981e-02, -2.0581e-02]],

         ...,

         [[-7.2415e-03,  2.0205e-03, -3.5171e-02],
          [-3.2897e-02,  1.2104e-03, -1.5576e-02],
          [-4.5421e-02,  5.1254e-02, -3.7357e-02]],

         [[-6.9665e-02, -9.3043e-02, -7.5819e-02],
          [-5.5879e-02, -1.0845e-02, -1.6692e-02],
          [-2.7960e-02,  3.4144e-02, -5.8344e-04]],

         [[ 1.2845e-01,  1.3162e-01,  1.1034e-01],
          [ 1.4853e-01,  1.4550e-01,  1.5445e-01],
          [ 4.5681e-05, -2.1325e-02,  7.9833e-03]]],


        [[[-1.7816e-01, -2.1645e-01, -8.5814e-02],
          [-1.8838e-01, -2.2925e-01, -7.4581e-02],
          [-7.3473e-02, -6.5122e-02,  1.6161e-02]],

         [[-8.1576e-02, -3.8170e-02, -2.4880e-02],
          [-3.6017e-02, -2.1887e-02, -4.9965e-03],
          [-1.0237e-02, -1.6809e-02, -2.3531e-02]],

         [[ 5.3719e-02,  1.6669e-01,  5.5778e-02],
          [ 1.6304e-01,  3.3748e-01,  2.4438e-01],
          [ 5.5988e-02,  2.0879e-01,  1.6877e-01]],

         ...,

         [[-1.2681e-02,  3.1818e-03,  6.9045e-03],
          [ 8.4805e-03,  3.3463e-03, -3.9772e-04],
          [-1.4892e-02,  1.4632e-02,  4.1142e-03]],

         [[ 4.7566e-03,  2.0926e-02, -5.5173e-04],
          [-3.7608e-02, -2.3079e-02, -1.8441e-02],
          [-6.7925e-03, -2.5975e-02, -1.5083e-02]],

         [[-1.0883e-01, -2.8119e-01, -1.6324e-01],
          [-2.3112e-01, -4.4765e-01, -2.8066e-01],
          [-1.2416e-01, -2.2804e-01, -1.2739e-01]]],


        [[[-4.7992e-02, -1.1081e-01, -8.3815e-04],
          [-1.2092e-01, -4.2890e-03,  1.1524e-01],
          [ 1.5071e-02,  9.8400e-02,  4.8279e-02]],

         [[-1.7435e-01, -1.7390e-01, -8.1202e-02],
          [-1.2718e-01,  2.5243e-02,  8.7470e-02],
          [-3.4689e-02,  7.3491e-02,  1.5542e-02]],

         [[ 2.0697e-03, -9.3090e-03,  2.0093e-02],
          [-3.6797e-03, -1.6509e-02, -2.2506e-02],
          [-2.4400e-03, -3.1563e-02, -4.0175e-02]],

         ...,

         [[-2.0505e-02, -5.9716e-04,  2.8612e-02],
          [-5.3577e-02, -1.6615e-01,  4.1623e-02],
          [-1.6157e-02,  9.2996e-03,  6.2020e-02]],

         [[ 6.8633e-03,  7.0965e-02, -7.1750e-02],
          [ 4.1076e-02,  2.0067e-01, -2.3480e-01],
          [ 3.1307e-03, -7.0547e-02, -6.9589e-02]],

         [[ 4.0300e-02, -1.6410e-02, -7.3881e-02],
          [-6.6303e-03, -1.1146e-01,  9.9081e-03],
          [-6.6831e-03, -3.8664e-02,  1.0127e-01]]],


        ...,


        [[[-5.0299e-02, -5.3581e-02, -2.4553e-02],
          [ 5.1954e-02,  5.7389e-02,  7.1789e-02],
          [ 5.9392e-03, -5.1669e-03,  3.7887e-02]],

         [[ 3.1233e-02,  2.2667e-02,  1.8336e-02],
          [-7.6039e-02, -5.2286e-02, -7.6897e-02],
          [-8.4719e-04, -8.3524e-03, -6.5125e-03]],

         [[ 4.1491e-02,  2.3820e-02,  2.3372e-02],
          [ 7.0105e-03, -9.5110e-03, -2.1420e-02],
          [-5.6535e-03, -5.5347e-03, -2.3175e-03]],

         ...,

         [[ 2.6478e-02, -3.2243e-03,  4.7634e-02],
          [ 5.8234e-02,  1.1839e-02,  5.2020e-02],
          [ 5.8619e-02,  9.3326e-03,  6.5864e-02]],

         [[ 4.0506e-02,  4.6659e-02,  5.9512e-02],
          [ 1.2236e-01,  1.0688e-01,  1.2342e-01],
          [ 1.9155e-01,  1.3663e-01,  2.0852e-01]],

         [[ 1.9614e-02,  1.6927e-02,  1.4826e-02],
          [-3.1316e-02, -2.5939e-02, -5.9118e-02],
          [ 2.2997e-02,  3.1495e-02,  1.5981e-02]]],


        [[[ 6.4154e-02, -2.4423e-02,  6.9406e-02],
          [ 4.9816e-02, -7.7232e-02,  5.2607e-02],
          [ 2.3686e-02, -8.1651e-02, -1.9297e-02]],

         [[-5.4179e-02,  6.2742e-03,  6.2694e-02],
          [-6.1782e-02, -6.6127e-04,  2.5734e-02],
          [-6.4285e-02, -9.4620e-04,  2.4808e-02]],

         [[ 1.1709e-02, -1.7300e-02, -2.0052e-02],
          [ 3.0666e-02,  4.0054e-03,  6.7475e-03],
          [ 1.5448e-02, -9.9261e-03, -1.1729e-02]],

         ...,

         [[ 5.6531e-02, -5.4217e-02,  3.7458e-03],
          [ 5.6488e-02, -9.4898e-02,  2.9143e-02],
          [ 6.2338e-02, -9.7766e-02,  1.0180e-02]],

         [[ 6.5196e-02, -4.2384e-02, -4.1334e-02],
          [ 3.7216e-02, -4.8830e-03, -7.3554e-02],
          [ 1.6460e-02,  3.6120e-02, -2.4842e-02]],

         [[-3.0940e-02, -3.9561e-02, -8.6601e-03],
          [-5.0309e-04,  1.6460e-03,  7.4789e-02],
          [ 1.0011e-04, -2.3228e-02,  2.6941e-02]]],


        [[[ 1.6968e-02, -1.8896e-04,  2.5447e-03],
          [ 4.2789e-02,  9.7491e-04,  3.6494e-03],
          [ 3.0316e-02,  3.2540e-02,  2.6562e-02]],

         [[-1.3127e-02,  7.1779e-04,  5.4667e-02],
          [-8.4363e-03,  4.4377e-02,  8.1527e-02],
          [ 3.0663e-02,  6.1462e-02,  9.5422e-02]],

         [[-7.5042e-02, -3.2984e-02, -3.5569e-03],
          [-7.2584e-02,  1.5528e-02,  9.8126e-02],
          [-3.1816e-02,  4.2671e-02,  1.0511e-01]],

         ...,

         [[ 9.3376e-05, -6.0126e-03,  6.1034e-03],
          [ 2.5632e-02,  1.0453e-02,  8.7295e-03],
          [ 5.4778e-03, -6.0111e-04, -5.9458e-03]],

         [[ 7.0583e-03, -3.8589e-03, -7.0494e-03],
          [-6.5338e-03,  1.4763e-02,  7.0030e-03],
          [ 8.4331e-03,  9.2574e-03, -3.6100e-03]],

         [[-2.5014e-02,  1.9119e-03, -1.0896e-02],
          [ 2.8370e-02,  4.4107e-02, -9.8691e-03],
          [-2.2861e-02,  1.2288e-02, -2.8639e-02]]]])