tensor([[[[ 1.8346e+01, -9.7793e-01, -1.3764e+00,  ..., -3.8338e-01,
           -1.7668e-01, -1.6919e+00],
          [ 1.6086e+01, -9.8098e-01, -1.6857e+00,  ..., -1.4478e+00,
           -5.0781e-01, -1.0980e+00],
          [ 2.0821e+01, -1.6707e+00, -5.9018e-01,  ..., -1.1331e+00,
           -1.5971e+00, -8.4967e-01],
          ...,
          [ 2.4770e+01, -1.7074e-01, -1.4369e+00,  ..., -1.2408e+00,
           -1.3019e+00, -1.6345e+00],
          [ 1.9031e+01, -1.0443e+00, -1.5718e+00,  ..., -5.5128e-01,
           -6.2517e-01, -1.9853e+00],
          [ 1.1460e+01, -3.7136e-01, -7.3362e-01,  ..., -6.4197e-01,
           -2.4812e-01, -1.3257e+00]],

         [[ 1.8223e+00,  2.9381e+00,  1.4951e+00,  ...,  9.0605e-01,
            3.2231e-01, -5.6451e-01],
          [-8.0505e-01, -1.1803e+00, -7.6834e-01,  ..., -1.3621e+00,
           -5.8020e-01, -9.9713e-01],
          [-5.0870e-01, -5.2239e-01, -1.2775e+00,  ..., -6.9569e-01,
           -5.7665e-01, -1.2340e+00],
          ...,
          [-6.2977e-01, -8.2360e-01, -9.0845e-01,  ..., -1.0325e+00,
           -1.0913e+00, -1.2383e+00],
          [-8.0349e-01, -7.3385e-01, -6.9085e-01,  ..., -5.8368e-01,
           -9.9495e-01, -1.0733e+00],
          [-2.3701e-01, -8.8767e-01, -9.1136e-01,  ..., -7.8790e-01,
           -5.3728e-01, -8.4579e-01]],

         [[-1.8291e+00, -1.3329e+00, -1.3178e+00,  ..., -1.1235e+00,
           -1.1986e+00, -1.8084e+00],
          [-1.5913e+00, -1.6709e+00, -2.0079e+00,  ..., -1.7203e+00,
           -1.3554e+00, -1.5305e+00],
          [-8.8749e-01, -1.4817e+00, -1.3171e+00,  ..., -1.8387e+00,
           -1.6224e+00, -1.7809e+00],
          ...,
          [-5.5360e-01, -1.3399e+00, -1.3093e+00,  ..., -1.5318e+00,
           -1.3330e+00, -1.8883e+00],
          [-9.1201e-01, -1.9091e+00, -1.4879e+00,  ..., -8.5896e-01,
           -1.6973e+00, -2.0454e+00],
          [-9.1643e-01, -1.0439e+00, -1.0959e+00,  ..., -4.7862e-01,
           -9.3086e-01, -1.5370e+00]],

         ...,

         [[-1.3986e+00, -1.0336e+00, -2.1121e+00,  ..., -1.5524e+00,
           -2.0044e+00, -8.9757e-01],
          [-2.2412e+00, -2.8378e+00, -2.5177e+00,  ..., -1.1431e+00,
           -1.9230e+00, -7.0629e-01],
          [-1.5997e+00, -2.2642e+00, -1.4577e+00,  ..., -1.4762e+00,
           -1.7762e+00, -1.3173e+00],
          ...,
          [-1.7366e+00, -7.9535e-01, -1.5347e+00,  ..., -1.7366e+00,
           -2.0803e+00, -1.6222e+00],
          [-1.3973e+00, -1.4488e+00, -1.5605e+00,  ..., -1.5153e+00,
           -1.9105e+00, -8.0058e-01],
          [-1.4078e+00, -1.1811e+00, -7.0054e-01,  ..., -9.5380e-01,
           -8.8174e-01,  9.5712e-01]],

         [[-4.4779e-01, -2.0236e-01, -5.2026e-01,  ..., -1.1892e-01,
           -8.1330e-01, -3.7082e-01],
          [-2.5120e-01, -6.8382e-01, -1.1224e+00,  ..., -1.2262e+00,
           -6.9120e-01, -4.5465e-01],
          [-7.4976e-02, -8.4201e-01, -3.4809e-01,  ..., -1.0219e+00,
           -4.5124e-02, -3.3156e-01],
          ...,
          [-1.7353e-01, -1.0000e-01, -8.6374e-01,  ..., -6.1258e-01,
           -3.8641e-01, -6.7413e-01],
          [-1.2151e-02, -9.3398e-01, -7.2843e-01,  ..., -3.1598e-01,
           -1.0491e+00, -6.8393e-01],
          [-3.7212e-01, -6.9012e-01, -2.8622e-01,  ..., -3.1250e-01,
           -9.5745e-01, -6.1417e-01]],

         [[-3.4229e-01, -9.0657e-01, -8.3058e-01,  ..., -6.5911e-01,
           -8.6262e-01, -1.3791e+00],
          [-6.0298e-01, -1.1419e+00, -1.3391e+00,  ..., -1.3768e+00,
           -9.1087e-01, -1.3718e+00],
          [-4.0595e-01, -1.1925e+00, -9.8932e-01,  ..., -1.6778e+00,
           -1.0939e+00, -1.5831e+00],
          ...,
          [-5.0124e-01, -9.1247e-01, -1.1897e+00,  ..., -1.5335e+00,
           -1.1732e+00, -1.5778e+00],
          [-7.8285e-01, -1.3683e+00, -1.0950e+00,  ..., -9.8823e-01,
           -1.3595e+00, -1.6351e+00],
          [-1.4782e-01, -1.0202e+00, -7.5491e-01,  ..., -6.5926e-01,
           -1.0793e+00, -1.3997e+00]]]],
       grad_fn=<MaxPool2DWithIndicesBackward0>)