tensor([[[[-8.7993e-01, -9.0667e-01, -7.0906e-01,  ..., -6.6127e-01,
           -1.1265e+00, -5.6953e-02],
          [-4.0935e-01, -8.3141e-01, -8.4229e-01,  ..., -1.0738e+00,
           -1.0721e+00,  9.4957e-01],
          [-8.0997e-01, -8.5622e-01, -1.0374e+00,  ..., -6.6020e-01,
           -1.0451e+00,  1.0245e+00],
          ...,
          [-6.3756e-01, -8.2237e-01, -1.0478e+00,  ..., -1.0577e+00,
           -1.0845e+00,  1.4967e+00],
          [-5.3156e-01, -8.5780e-01, -9.4021e-01,  ..., -9.4170e-01,
           -1.0707e+00, -7.7069e-02],
          [-1.0982e-01, -6.2727e-01, -1.0500e+00,  ..., -6.6891e-01,
           -8.1140e-01, -2.6679e-01]],

         [[-2.7149e-01, -1.3533e+00, -1.3178e+00,  ..., -1.3787e+00,
           -1.2448e+00, -1.1548e+00],
          [-7.9140e-01, -1.6776e+00, -1.8109e+00,  ..., -1.6131e+00,
           -1.7648e+00, -1.5259e+00],
          [-6.7489e-01, -1.7808e+00, -1.9356e+00,  ..., -1.7022e+00,
           -1.9272e+00, -1.4960e+00],
          ...,
          [-6.3458e-01, -1.4806e+00, -1.4979e+00,  ..., -1.6073e+00,
           -1.4684e+00, -1.7303e+00],
          [-6.4816e-01, -1.5833e+00, -1.4313e+00,  ..., -1.8331e+00,
           -1.6325e+00, -1.6996e+00],
          [-5.3577e-01, -1.2215e+00, -1.1851e+00,  ..., -1.4364e+00,
           -1.1445e+00, -8.4537e-01]],

         [[-6.8134e-01, -6.7008e-01, -7.0781e-01,  ..., -8.7199e-01,
           -8.7768e-01, -7.7725e-01],
          [-1.7430e-01, -1.8094e-01, -2.8074e-01,  ..., -2.7319e-01,
           -3.5588e-01, -5.3838e-01],
          [-2.4854e-01, -3.5425e-01, -3.6377e-01,  ..., -5.2002e-01,
           -3.8003e-01, -6.3801e-01],
          ...,
          [-1.9656e-01, -1.2782e-01, -3.4923e-01,  ..., -1.6953e-02,
           -8.1013e-02, -8.0520e-01],
          [-2.7471e-01, -2.9178e-01, -3.4772e-01,  ...,  4.7299e-01,
           -1.3725e-01, -4.7182e-01],
          [-8.2852e-01, -7.9766e-01, -7.9967e-01,  ..., -7.1784e-01,
           -4.2669e-01, -3.4643e-01]],

         ...,

         [[-1.1487e-02, -4.2873e-02, -2.0973e-02,  ..., -8.8043e-02,
           -8.9542e-02,  1.4095e+00],
          [-2.2988e-02, -2.7737e-02, -6.4688e-02,  ..., -3.6233e-02,
           -3.4034e-02,  1.4197e+00],
          [-4.0935e-02, -1.3646e-01, -5.5342e-02,  ...,  9.0442e-02,
            3.8142e-01,  2.3154e-01],
          ...,
          [ 4.1891e-01, -2.4927e-04, -7.7875e-02,  ..., -2.3412e-01,
           -3.7078e-02,  2.7554e+00],
          [ 4.5534e-01, -8.3696e-02,  2.4508e-01,  ..., -1.4315e-01,
           -9.4467e-03,  1.8207e+00],
          [-3.6107e-02, -1.4329e-01, -1.5448e-01,  ..., -1.6614e-01,
           -1.4399e-01,  3.2193e-01]],

         [[-6.0624e-01, -5.8917e-01, -4.9343e-01,  ..., -6.0664e-01,
           -5.1954e-01, -4.1615e-02],
          [-1.3337e+00, -1.3534e+00, -1.2271e+00,  ..., -1.3027e+00,
           -1.3175e+00, -6.0024e-01],
          [-1.4692e+00, -1.2813e+00, -1.2199e+00,  ..., -1.2075e+00,
           -1.1716e+00, -6.9234e-01],
          ...,
          [-1.2507e+00, -1.2086e+00, -1.3952e+00,  ..., -1.2501e+00,
           -1.3000e+00, -6.4249e-01],
          [-1.1289e+00, -1.1173e+00, -1.2209e+00,  ..., -1.2295e+00,
           -1.2649e+00, -5.8489e-01],
          [-9.0096e-01, -1.1088e+00, -1.0025e+00,  ..., -9.3102e-01,
           -9.8876e-01, -5.7564e-01]],

         [[-4.5025e-01, -7.3063e-01, -7.7326e-01,  ..., -6.4539e-01,
           -6.3066e-01, -7.7675e-01],
          [-3.5380e-01, -7.4322e-01, -7.2652e-01,  ..., -7.9654e-01,
           -7.1725e-01, -8.1228e-01],
          [-4.9054e-01, -6.9119e-01, -8.1487e-01,  ..., -7.2800e-01,
           -8.1977e-01, -8.2695e-01],
          ...,
          [-3.4852e-01, -7.5026e-01, -6.4622e-01,  ..., -8.5265e-01,
           -7.6495e-01, -7.6052e-01],
          [-3.4266e-01, -7.2782e-01, -7.8765e-01,  ..., -7.7163e-01,
           -7.1403e-01, -7.7920e-01],
          [-2.1078e-01, -1.9055e-01, -4.1942e-01,  ..., -4.1851e-01,
           -3.9771e-01, -1.5152e-01]]]],
       grad_fn=<MaxPool2DWithIndicesBackward0>)