tensor([[[[ 1.8785e+01,  5.5616e+00,  4.6854e+00,  ...,  7.0774e+00,
            1.1181e+01,  7.9501e+00],
          [ 1.2516e+01,  1.0649e+00,  7.1042e+00,  ...,  9.4223e+00,
            2.0754e+00,  1.2595e+01],
          [ 1.2758e+01,  8.3866e+00, -2.9688e-01,  ...,  1.9583e+01,
            1.0490e+01,  1.8075e+00],
          ...,
          [ 4.5692e+00,  6.6695e+00,  3.2091e+00,  ...,  7.6648e+00,
            1.0441e+01,  9.5321e+00],
          [ 1.3597e+01,  5.8977e+00, -1.0613e-01,  ...,  3.8672e-01,
            1.0845e+01,  3.9585e+00],
          [ 6.3369e+00,  3.2799e+00,  4.2418e+00,  ...,  7.4174e+00,
            8.9569e+00,  5.9337e+00]],

         [[-6.6710e-01, -6.8912e-01, -8.3605e-01,  ..., -9.0156e-01,
           -9.7627e-01, -1.1783e+00],
          [-1.2906e+00, -8.8491e-01, -1.0721e+00,  ..., -3.5173e-01,
           -7.2088e-01, -1.6892e-01],
          [-1.2789e+00, -8.9510e-01, -9.9503e-01,  ..., -7.1993e-01,
           -1.1733e+00, -9.7074e-01],
          ...,
          [-8.5292e-01, -1.0811e+00, -1.0624e+00,  ..., -8.7579e-01,
           -9.8326e-01, -1.0691e+00],
          [-8.3270e-01, -1.1195e+00, -1.1594e+00,  ..., -7.2847e-01,
           -6.2839e-01, -5.7113e-01],
          [-1.4591e+00, -8.8854e-01, -5.1485e-01,  ..., -5.6304e-01,
           -1.4330e+00, -1.3634e+00]],

         [[ 1.7036e+00,  3.3835e+00,  5.5614e+00,  ...,  4.2299e+00,
            2.2261e+00, -2.4204e-02],
          [ 1.2566e+00,  5.1836e+00,  5.9396e+00,  ..., -5.4192e-02,
            1.0134e+00,  1.1117e+00],
          [ 1.4330e+00,  3.3754e+00,  9.5508e+00,  ...,  3.0176e+00,
            1.0478e+01,  4.6726e+00],
          ...,
          [ 2.4497e+00,  4.8198e+00,  5.2000e+00,  ...,  4.7910e+00,
            1.1612e+00,  4.3425e+00],
          [ 5.2033e+00,  5.0354e+00,  3.6919e+00,  ...,  6.5358e+00,
            2.2333e+00,  5.0905e+00],
          [ 4.6495e+00,  7.7807e+00,  2.0721e+00,  ...,  4.0636e+00,
            4.3257e+00,  3.4857e+00]],

         ...,

         [[ 6.2821e+01,  1.6337e+01,  3.7898e+01,  ...,  2.7170e+01,
            6.4237e+01,  1.0490e+02],
          [ 3.3008e+01,  8.9878e+00,  1.4374e+01,  ...,  8.0971e+00,
            7.4275e+01,  1.0230e+02],
          [ 3.6700e+01,  1.8402e+01,  9.0631e+01,  ...,  9.3075e+01,
            8.5795e+01,  1.5414e+01],
          ...,
          [ 1.8915e+01,  4.4267e+01,  7.5892e+01,  ...,  5.9838e+00,
            7.7157e+01,  3.3478e+01],
          [ 4.8463e+01,  8.0062e+01,  4.7391e+01,  ...,  6.0548e+01,
            4.6277e+01, -6.5064e-01],
          [ 3.1360e+01,  6.0662e+01,  1.5776e+01,  ...,  3.1002e+01,
            5.8263e+01,  2.9535e+01]],

         [[ 8.8984e+00,  1.1938e+01,  1.1136e+01,  ...,  4.5591e+01,
           -8.7309e-01,  9.1425e+01],
          [ 2.4103e+01,  4.2986e+01,  3.6699e+00,  ...,  4.5479e+01,
            5.6829e+01,  3.9366e+01],
          [ 2.6812e+01,  1.4810e+01,  6.3327e+01,  ...,  4.8154e+01,
            3.2915e+01,  3.5936e+01],
          ...,
          [ 1.7562e+01,  1.5175e+01,  1.5382e+01,  ...,  2.7040e+01,
            8.1196e+01,  6.2565e+01],
          [-2.2883e+00,  5.9854e+01,  3.2712e+01,  ...,  5.9994e+01,
            1.3014e+01,  3.8542e+01],
          [ 2.0154e+01, -5.8086e-01,  5.3048e+00,  ..., -9.5895e-02,
            2.2548e+01,  1.7334e+01]],

         [[ 5.0237e+00,  7.0835e+00,  5.5684e+00,  ...,  2.4758e+00,
            9.5083e+00,  2.7003e+00],
          [ 3.4326e+00,  2.2600e+00,  1.4914e-01,  ...,  8.2284e+00,
            1.3065e+01,  3.3285e+00],
          [ 3.0653e+00,  2.3638e-01, -1.2579e+00,  ...,  1.2612e+01,
           -5.3080e-02,  1.8771e+00],
          ...,
          [ 2.2875e+00, -4.3058e-01, -3.5618e-01,  ..., -1.6403e-01,
           -4.3642e-01, -5.9407e-02],
          [ 7.9356e+00, -4.8803e-02,  5.6424e+00,  ..., -1.8170e-01,
            1.5326e+00, -1.5352e-01],
          [ 2.7707e-01, -2.5397e-01,  6.5817e+00,  ..., -2.7113e-01,
            7.7330e-01,  1.5795e+00]]]],
       grad_fn=<MaxPool2DWithIndicesBackward0>)