tensor([[[[-8.2728e-02,  5.4022e+00,  3.2391e+00,  ...,  3.3557e+00,
            3.6454e+00,  4.4223e-02],
          [-8.0582e-02,  3.9644e+00,  3.4624e+00,  ...,  3.9627e+00,
            3.9043e+00,  3.7865e+00],
          [-1.1185e-01,  3.1387e+00,  2.6470e+00,  ...,  5.5050e+00,
            4.8919e+00,  9.7198e-01],
          ...,
          [ 3.5556e-01,  2.6290e+00,  1.7580e+00,  ...,  3.8027e+00,
            1.2036e+00,  2.4751e+00],
          [ 1.0663e+00,  3.4590e+00,  1.7530e+00,  ...,  3.8292e+00,
            4.0869e+00,  1.6444e+00],
          [-1.0633e-01,  8.9452e-01,  4.8473e-02,  ...,  3.5850e+00,
            2.5936e+00,  2.3054e+00]],

         [[-3.6121e-01, -2.8512e-01,  2.2608e+00,  ...,  2.7740e+00,
            2.6600e+00,  1.0943e+00],
          [-3.8791e-01, -2.5650e-01, -2.7784e-01,  ..., -4.0198e-01,
           -3.1796e-01, -8.8857e-02],
          [-3.5936e-01, -2.8046e-01, -2.0100e-01,  ..., -4.0729e-01,
           -2.4931e-01, -2.7831e-02],
          ...,
          [-1.4063e-01, -1.8386e-01, -4.1122e-01,  ..., -7.8337e-01,
           -5.6592e-01, -1.6653e-01],
          [-4.5112e-01, -1.6247e-01, -6.2931e-01,  ..., -5.2523e-01,
           -2.8984e-01,  4.7058e-01],
          [-6.6002e-01, -3.3408e-01, -3.8540e-01,  ..., -8.6488e-02,
           -7.3159e-02, -2.5263e-02]],

         [[-7.6795e-01, -7.9522e-01, -6.7907e-01,  ..., -9.1352e-01,
           -7.2316e-01, -1.0749e+00],
          [-4.6374e-01, -4.2040e-01, -3.5805e-01,  ..., -4.4649e-01,
           -1.3901e-01, -1.0586e+00],
          [-3.2534e-01, -5.3031e-01, -6.5735e-01,  ..., -3.2947e-01,
           -3.0123e-01, -1.1095e+00],
          ...,
          [-6.2020e-01, -6.3571e-01, -3.0534e-01,  ..., -1.7114e-01,
           -5.1421e-01, -5.7345e-01],
          [-3.9071e-01, -3.7489e-01, -5.0993e-01,  ..., -1.6002e-01,
           -2.4058e-01, -9.4340e-01],
          [-4.1204e-01, -5.0754e-02, -3.7960e-01,  ..., -3.0902e-01,
            2.4771e-03, -3.0871e-01]],

         ...,

         [[-6.3111e-01, -3.6471e-01, -4.2538e-01,  ..., -9.9903e-03,
           -2.5823e-01, -2.1429e-01],
          [ 4.9659e-01, -4.4112e-01,  6.3208e-01,  ..., -2.2756e-01,
           -7.4448e-02, -3.7574e-02],
          [-2.0196e-01,  2.2426e+00, -1.8104e-01,  ..., -3.8939e-01,
           -1.7521e-01,  2.3035e+00],
          ...,
          [-1.5769e-01, -2.1973e-01,  7.3128e-01,  ..., -2.5310e-01,
           -1.0394e-01,  1.3701e+00],
          [-5.2641e-01, -1.2635e-02, -2.7344e-01,  ..., -3.7411e-01,
            3.6492e+00,  6.9752e+00],
          [ 1.1852e+01,  1.2309e+01,  1.1481e+01,  ...,  5.7123e+00,
            5.4766e+00,  1.7203e+00]],

         [[-9.6901e-01, -1.2866e+00, -1.1035e+00,  ..., -1.0978e+00,
           -1.1973e+00, -1.1183e+00],
          [-1.4212e+00, -1.5543e+00, -1.8059e+00,  ..., -1.2694e+00,
           -1.5204e+00, -1.1991e+00],
          [-1.4437e+00, -1.4010e+00, -1.5643e+00,  ..., -1.5752e+00,
           -1.7573e+00, -1.5517e+00],
          ...,
          [-1.2390e+00, -1.6049e+00, -1.5023e+00,  ..., -1.6356e+00,
           -1.7047e+00, -1.4091e+00],
          [-1.2396e+00, -1.3686e+00, -1.5910e+00,  ..., -1.8688e+00,
           -1.2241e+00, -1.4451e+00],
          [-1.6997e+00, -1.7824e+00, -1.6162e+00,  ..., -1.3202e+00,
           -1.2445e+00, -1.3713e+00]],

         [[ 8.7662e+00,  4.1596e+00,  3.7631e+00,  ...,  7.0201e+00,
            3.2933e+00,  1.2429e+01],
          [ 9.5366e+00,  4.7017e+00,  3.9760e+00,  ...,  1.3485e+00,
            5.5970e+00,  1.1032e+01],
          [ 8.3698e+00,  3.7390e+00,  5.3098e+00,  ...,  3.6748e+00,
            2.7592e+00,  9.1637e+00],
          ...,
          [ 9.3956e+00,  6.6907e+00,  7.5408e-01,  ...,  7.0510e-01,
            6.6206e+00,  9.0785e+00],
          [ 9.1033e+00,  2.7483e+00,  3.0252e+00,  ...,  1.4641e+00,
            8.8804e-01,  7.9591e+00],
          [ 9.3181e+00,  4.2387e+00,  1.5087e+00,  ...,  4.3016e+00,
            2.7268e+00,  9.3844e+00]]]],
       grad_fn=<MaxPool2DWithIndicesBackward0>)