tensor([[[[-0.8473, -0.9157, -0.8287,  ..., -0.7189, -0.9791, -0.3305],
          [-0.4832, -0.8181, -0.8013,  ..., -0.7346, -0.9312, -0.2732],
          [-0.7450, -0.9951, -0.8824,  ..., -0.8871, -0.9065, -0.4037],
          ...,
          [-0.6448, -1.0947, -0.8862,  ..., -0.8515, -0.9626, -0.4569],
          [-0.4913, -1.2397, -1.1446,  ..., -1.1260, -1.1021, -0.5441],
          [-0.7776, -0.7623, -0.6047,  ..., -0.8860, -0.9150, -0.4033]],

         [[-0.6547, -0.4640, -0.3157,  ..., -0.2716, -0.2880, -0.6301],
          [-0.6203, -0.4578, -0.3084,  ..., -0.2331, -0.3012, -0.6876],
          [-0.4894, -0.1600, -0.0740,  ..., -0.0189,  0.4827, -0.5163],
          ...,
          [-0.3280, -0.0326, -0.1003,  ...,  0.2694,  0.5918, -0.3953],
          [-0.3624, -0.1713, -0.2177,  ..., -0.1730, -0.1574, -0.5293],
          [-0.2521, -0.1076, -0.2511,  ..., -0.1794, -0.1532, -0.3323]],

         [[-0.3605, -0.7776, -0.5988,  ..., -0.6759, -0.5793, -0.3313],
          [-0.2167, -0.8197, -0.6444,  ..., -0.6356, -0.6830, -0.3118],
          [-0.1565, -0.7241, -0.5501,  ..., -0.4742, -0.5991, -0.2700],
          ...,
          [-0.0081, -0.6159, -0.5067,  ..., -0.5547, -0.6217, -0.3451],
          [-0.0551, -0.6226, -0.4953,  ..., -0.5521, -0.4989, -0.2207],
          [ 2.3333,  1.1163,  1.7403,  ...,  1.2870,  1.2722,  2.1395]],

         ...,

         [[-1.0788, -0.6034, -0.4223,  ..., -0.4943, -0.6353, -0.2587],
          [-1.4617, -1.0452, -0.8018,  ..., -0.7651, -1.3948, -0.5428],
          [-1.3396, -0.7207, -0.5052,  ..., -0.6262, -1.0735, -0.3476],
          ...,
          [-1.3247, -0.8196, -0.5275,  ..., -0.5411, -1.0195, -0.3947],
          [-1.5838, -1.0943, -0.9363,  ..., -0.8757, -1.4020, -0.6833],
          [-1.4849, -1.1746, -0.9938,  ..., -0.9647, -1.5006, -0.8295]],

         [[-0.4689, -0.4953, -0.6809,  ..., -0.6869, -0.6634, -0.6571],
          [-0.1786, -0.0751, -0.3259,  ..., -0.1592, -0.2302, -0.1746],
          [-0.2494, -0.1082, -0.3623,  ..., -0.3821, -0.3137, -0.1072],
          ...,
          [-0.1923, -0.0667, -0.3064,  ..., -0.3584, -0.2126, -0.1328],
          [-0.3268, -0.2156, -0.5672,  ..., -0.4714, -0.5000, -0.3490],
          [-0.1419, -0.0759, -0.2751,  ..., -0.2828, -0.2242, -0.1282]],

         [[-0.4042, -0.6993, -0.6980,  ..., -0.7602, -0.5973, -0.3827],
          [-0.5138, -0.7937, -0.7666,  ..., -0.7735, -0.6885, -0.4589],
          [-0.5497, -0.6406, -0.6244,  ..., -0.7230, -0.6385, -0.3441],
          ...,
          [-0.4731, -0.5770, -0.6086,  ..., -0.7642, -0.6306, -0.3765],
          [-0.2583, -0.2358, -0.2498,  ..., -0.3042, -0.2912, -0.1256],
          [-0.5416, -0.3850, -0.3419,  ..., -0.3925, -0.4620, -0.2880]]]],
       grad_fn=<IndexPutBackward0>)