tensor([[[[ 1.8475e+01,  2.4161e+01,  2.7609e+01,  ...,  2.0743e+01,
            1.8803e+01,  2.4571e+01],
          [ 1.5952e+01,  1.3964e+01,  6.3657e+00,  ...,  4.5926e+00,
           -5.6969e-01,  1.6259e+01],
          [ 2.3471e+01,  3.4002e+00,  1.8580e+01,  ...,  6.4927e+00,
            1.2142e+01,  4.5141e+00],
          ...,
          [ 2.2803e+01,  1.4955e+01,  1.1819e+01,  ...,  1.1682e+01,
            1.3797e+01,  1.3118e+01],
          [ 1.1272e+01,  5.6342e+00,  8.9194e+00,  ...,  1.7238e+01,
            1.2707e+01,  1.5572e+01],
          [ 1.1806e+01,  7.1316e+00,  7.9235e+00,  ...,  2.9572e-01,
            1.7902e+01,  2.0786e+01]],

         [[ 1.9105e+00,  4.2691e+00,  2.6077e+00,  ..., -2.1549e-01,
           -4.7835e-01, -3.9499e-01],
          [ 2.2543e+00,  6.4289e+00, -6.6559e-01,  ..., -1.2862e-01,
           -8.1234e-01,  3.0903e+00],
          [ 3.9642e+00, -1.0883e+00, -7.8570e-01,  ..., -1.1525e-01,
           -8.7909e-02,  3.8004e-02],
          ...,
          [ 3.3628e+00, -1.3527e-01, -5.5906e-01,  ..., -7.5971e-01,
           -3.4258e-01, -5.9464e-02],
          [ 4.4465e+00, -1.5815e-01, -3.4705e-01,  ..., -4.0938e-01,
           -5.6132e-01,  1.2603e+00],
          [ 5.0739e+00,  7.1265e-01, -3.3689e-01,  ...,  2.2410e+00,
            2.9300e+00,  2.1817e+00]],

         [[ 2.3385e+00,  2.7890e+01, -1.6245e+00,  ..., -2.8360e-01,
            2.2951e+01, -4.3503e+00],
          [ 1.7984e+01, -4.8052e+00, -6.1677e+00,  ..., -5.5556e+00,
           -4.0661e+00, -6.0326e+00],
          [-1.6005e+00, -4.1525e+00, -3.1512e+00,  ..., -4.4289e+00,
           -5.2865e+00, -1.3667e+00],
          ...,
          [ 9.0755e+00, -6.8059e+00, -3.9790e+00,  ..., -3.6040e+00,
           -1.4922e+00, -3.5879e+00],
          [-1.1967e+00, -2.5270e+00, -1.0014e+00,  ..., -3.0041e+00,
            1.7856e+01, -2.5708e+00],
          [-2.2435e+00, -2.0724e+00, -5.0024e+00,  ..., -6.0874e+00,
            1.2329e+01, -5.6997e+00]],

         ...,

         [[-2.8680e+00, -2.3218e+00, -4.8287e+00,  ..., -4.6210e+00,
           -2.6185e+00, -3.0751e+00],
          [-3.5009e+00, -3.4999e+00, -3.1759e+00,  ..., -5.8574e+00,
           -3.9862e+00, -5.3234e+00],
          [-3.9152e+00, -3.7273e+00, -4.9138e+00,  ..., -3.9949e+00,
           -6.9204e+00, -3.2397e+00],
          ...,
          [-3.1776e+00, -7.7601e+00, -4.5067e+00,  ..., -4.3556e+00,
           -3.0083e+00, -2.1651e+00],
          [-2.2775e+00, -2.4619e+00, -3.2388e+00,  ..., -2.4483e+00,
           -1.4110e+00, -4.5768e-01],
          [-1.3411e+00, -1.1796e+00, -4.2770e+00,  ..., -4.1693e+00,
           -3.6700e+00, -2.3015e+00]],

         [[ 7.8869e+00, -1.7907e+00, -1.2029e+00,  ..., -3.9458e+00,
           -3.6740e+00, -3.5324e+00],
          [-5.6619e+00, -4.5105e+00, -4.2625e+00,  ..., -8.2886e+00,
           -4.8211e+00, -3.3513e+00],
          [-8.1093e+00, -3.6308e+00, -5.0997e+00,  ..., -4.2457e+00,
           -6.6585e+00, -5.0908e+00],
          ...,
          [-2.2771e+00, -4.7901e+00, -3.9918e+00,  ..., -5.2913e+00,
           -1.3030e+00, -3.8939e+00],
          [-5.1409e+00, -5.9056e+00, -3.9699e+00,  ..., -2.8974e+00,
           -2.4463e+00, -4.1174e+00],
          [-2.5690e+00, -5.5539e-01, -3.6782e+00,  ..., -4.6034e+00,
           -1.5619e+00, -2.2585e+00]],

         [[ 2.6146e+01,  5.8899e+01, -1.2360e+00,  ...,  6.5377e+01,
            3.0152e+01,  2.1211e+01],
          [ 3.7944e+01,  6.4684e+01,  3.9037e+01,  ...,  4.0073e+01,
            6.0161e+01, -3.6708e-01],
          [ 3.1751e+01,  1.2396e+01,  6.1428e+01,  ...,  2.6553e+01,
            3.4428e+01,  5.4475e+01],
          ...,
          [ 7.6218e-01,  1.2708e+01,  2.4260e+01,  ...,  3.0890e+01,
            4.8697e+01,  1.6359e+01],
          [ 4.8208e+01,  6.9656e+01,  3.3388e+01,  ...,  3.8092e+01,
            8.0614e+01,  1.1373e+01],
          [ 2.7006e+01,  2.2152e+01,  4.1317e+00,  ...,  3.6457e+01,
            4.0628e+01, -3.8413e-01]]]],
       grad_fn=<MaxPool2DWithIndicesBackward0>)