(tensor([[[[-0.4832, -0.8013, -0.7826,  ..., -0.7189, -0.2732,  0.0000],
          [-0.4832, -0.8013, -0.7826,  ..., -0.7346, -0.2732,  0.0000],
          [-0.6403, -0.8824, -0.8818,  ..., -0.8800, -0.3871,  0.0000],
          ...,
          [-0.4913, -0.8862, -0.8862,  ..., -0.8515, -0.4569,  0.0000],
          [-0.4913, -0.6047, -0.6047,  ..., -0.8860, -0.4033,  0.0000],
          [ 0.0000,  0.0000,  0.0000,  ...,  0.0000,  0.0000,  0.0000]],

         [[-0.4578, -0.3084, -0.3084,  ..., -0.2331, -0.2880,  0.0000],
          [-0.1600, -0.0740, -0.0186,  ...,  0.4827,  0.4827,  0.0000],
          [-0.0603, -0.0603, -0.0186,  ...,  0.9451,  0.9451,  0.0000],
          ...,
          [-0.0326, -0.0326, -0.1003,  ...,  0.5918,  0.5918,  0.0000],
          [-0.1076, -0.1076, -0.2177,  ..., -0.1532, -0.1532,  0.0000],
          [ 0.0000,  0.0000,  0.0000,  ...,  0.0000,  0.0000,  0.0000]],

         [[-0.2167, -0.5988, -0.5988,  ..., -0.5793, -0.3118,  0.0000],
          [-0.1565, -0.5501, -0.5136,  ..., -0.4742, -0.2700,  0.0000],
          [-0.1565, -0.5375, -0.5136,  ..., -0.4742, -0.2700,  0.0000],
          ...,
          [-0.0081, -0.4953, -0.4953,  ..., -0.4989, -0.2207,  0.0000],
          [ 2.3333,  1.7403,  1.7403,  ...,  1.2870,  2.1395,  2.1395],
          [ 2.3333,  1.7403,  1.7403,  ...,  1.2870,  2.1395,  2.1395]],

         ...,

         [[-0.6034, -0.4223, -0.3841,  ..., -0.4943, -0.2587,  0.0000],
          [-0.7207, -0.5052, -0.5052,  ..., -0.6262, -0.3476,  0.0000],
          [-0.7207, -0.5052, -0.5052,  ..., -0.6262, -0.3476,  0.0000],
          ...,
          [-0.8196, -0.5275, -0.5275,  ..., -0.5411, -0.3947,  0.0000],
          [-1.0943, -0.9363, -0.9363,  ..., -0.8757, -0.6833,  0.0000],
          [ 0.0000,  0.0000,  0.0000,  ...,  0.0000,  0.0000,  0.0000]],

         [[-0.0751, -0.0751, -0.2800,  ..., -0.1592, -0.1746,  0.0000],
          [-0.0751, -0.0751, -0.2800,  ..., -0.1592, -0.1072,  0.0000],
          [-0.1082, -0.1082, -0.3399,  ..., -0.1985, -0.0569,  0.0000],
          ...,
          [-0.0667, -0.0667, -0.3064,  ..., -0.2126, -0.1328,  0.0000],
          [-0.0759, -0.0759, -0.2349,  ..., -0.2242, -0.1282,  0.0000],
          [ 0.0000,  0.0000,  0.0000,  ...,  0.0000,  0.0000,  0.0000]],

         [[-0.4042, -0.6980, -0.6245,  ..., -0.5973, -0.3827,  0.0000],
          [-0.5138, -0.6244, -0.6244,  ..., -0.6385, -0.3441,  0.0000],
          [-0.5497, -0.6244, -0.6244,  ..., -0.6001, -0.3203,  0.0000],
          ...,
          [-0.2358, -0.2358, -0.2328,  ..., -0.2912, -0.1256,  0.0000],
          [-0.2358, -0.2358, -0.2328,  ..., -0.2912, -0.1256,  0.0000],
          [ 0.0000,  0.0000,  0.0000,  ...,  0.0000,  0.0000,  0.0000]]]],
       grad_fn=<MaxPool2DWithIndicesBackward0>), (tensor([[[[-0.8473, -0.9157, -0.8287,  ..., -0.9791, -0.3305,  0.0000],
          [-0.4832, -0.8181, -0.8013,  ..., -0.9312, -0.2732,  0.0000],
          [-0.7450, -0.9951, -0.8824,  ..., -0.9065, -0.4037,  0.0000],
          ...,
          [-0.4913, -1.2397, -1.1446,  ..., -1.1021, -0.5441,  0.0000],
          [-0.7776, -0.7623, -0.6047,  ..., -0.9150, -0.4033,  0.0000],
          [ 0.0000,  0.0000,  0.0000,  ...,  0.0000,  0.0000,  0.0000]],

         [[-0.6547, -0.4640, -0.3157,  ..., -0.2880, -0.6301,  0.0000],
          [-0.6203, -0.4578, -0.3084,  ..., -0.3012, -0.6876,  0.0000],
          [-0.4894, -0.1600, -0.0740,  ...,  0.4827, -0.5163,  0.0000],
          ...,
          [-0.3624, -0.1713, -0.2177,  ..., -0.1574, -0.5293,  0.0000],
          [-0.2521, -0.1076, -0.2511,  ..., -0.1532, -0.3323,  0.0000],
          [ 0.0000,  0.0000,  0.0000,  ...,  0.0000,  0.0000,  0.0000]],

         [[-0.3605, -0.7776, -0.5988,  ..., -0.5793, -0.3313,  0.0000],
          [-0.2167, -0.8197, -0.6444,  ..., -0.6830, -0.3118,  0.0000],
          [-0.1565, -0.7241, -0.5501,  ..., -0.5991, -0.2700,  0.0000],
          ...,
          [-0.0551, -0.6226, -0.4953,  ..., -0.4989, -0.2207,  0.0000],
          [ 2.3333,  1.1163,  1.7403,  ...,  1.2722,  2.1395,  0.0000],
          [ 0.0000,  0.0000,  0.0000,  ...,  0.0000,  0.0000,  0.0000]],

         ...,

         [[-1.0788, -0.6034, -0.4223,  ..., -0.6353, -0.2587,  0.0000],
          [-1.4617, -1.0452, -0.8018,  ..., -1.3948, -0.5428,  0.0000],
          [-1.3396, -0.7207, -0.5052,  ..., -1.0735, -0.3476,  0.0000],
          ...,
          [-1.5838, -1.0943, -0.9363,  ..., -1.4020, -0.6833,  0.0000],
          [-1.4849, -1.1746, -0.9938,  ..., -1.5006, -0.8295,  0.0000],
          [ 0.0000,  0.0000,  0.0000,  ...,  0.0000,  0.0000,  0.0000]],

         [[-0.4689, -0.4953, -0.6809,  ..., -0.6634, -0.6571,  0.0000],
          [-0.1786, -0.0751, -0.3259,  ..., -0.2302, -0.1746,  0.0000],
          [-0.2494, -0.1082, -0.3623,  ..., -0.3137, -0.1072,  0.0000],
          ...,
          [-0.3268, -0.2156, -0.5672,  ..., -0.5000, -0.3490,  0.0000],
          [-0.1419, -0.0759, -0.2751,  ..., -0.2242, -0.1282,  0.0000],
          [ 0.0000,  0.0000,  0.0000,  ...,  0.0000,  0.0000,  0.0000]],

         [[-0.4042, -0.6993, -0.6980,  ..., -0.5973, -0.3827,  0.0000],
          [-0.5138, -0.7937, -0.7666,  ..., -0.6885, -0.4589,  0.0000],
          [-0.5497, -0.6406, -0.6244,  ..., -0.6385, -0.3441,  0.0000],
          ...,
          [-0.2583, -0.2358, -0.2498,  ..., -0.2912, -0.1256,  0.0000],
          [-0.5416, -0.3850, -0.3419,  ..., -0.4620, -0.2880,  0.0000],
          [ 0.0000,  0.0000,  0.0000,  ...,  0.0000,  0.0000,  0.0000]]]],
       grad_fn=<ConstantPadNdBackward0>), {'pool_height': 2, 'pool_width': 2, 'stride': 1}, tensor([[[[-0.8473, -0.9157, -0.8287,  ..., -0.9791, -0.3305,  0.0000],
          [-0.4832, -0.8181, -0.8013,  ..., -0.9312, -0.2732,  0.0000],
          [-0.7450, -0.9951, -0.8824,  ..., -0.9065, -0.4037,  0.0000],
          ...,
          [-0.4913, -1.2397, -1.1446,  ..., -1.1021, -0.5441,  0.0000],
          [-0.7776, -0.7623, -0.6047,  ..., -0.9150, -0.4033,  0.0000],
          [ 0.0000,  0.0000,  0.0000,  ...,  0.0000,  0.0000,  0.0000]],

         [[-0.6547, -0.4640, -0.3157,  ..., -0.2880, -0.6301,  0.0000],
          [-0.6203, -0.4578, -0.3084,  ..., -0.3012, -0.6876,  0.0000],
          [-0.4894, -0.1600, -0.0740,  ...,  0.4827, -0.5163,  0.0000],
          ...,
          [-0.3624, -0.1713, -0.2177,  ..., -0.1574, -0.5293,  0.0000],
          [-0.2521, -0.1076, -0.2511,  ..., -0.1532, -0.3323,  0.0000],
          [ 0.0000,  0.0000,  0.0000,  ...,  0.0000,  0.0000,  0.0000]],

         [[-0.3605, -0.7776, -0.5988,  ..., -0.5793, -0.3313,  0.0000],
          [-0.2167, -0.8197, -0.6444,  ..., -0.6830, -0.3118,  0.0000],
          [-0.1565, -0.7241, -0.5501,  ..., -0.5991, -0.2700,  0.0000],
          ...,
          [-0.0551, -0.6226, -0.4953,  ..., -0.4989, -0.2207,  0.0000],
          [ 2.3333,  1.1163,  1.7403,  ...,  1.2722,  2.1395,  0.0000],
          [ 0.0000,  0.0000,  0.0000,  ...,  0.0000,  0.0000,  0.0000]],

         ...,

         [[-1.0788, -0.6034, -0.4223,  ..., -0.6353, -0.2587,  0.0000],
          [-1.4617, -1.0452, -0.8018,  ..., -1.3948, -0.5428,  0.0000],
          [-1.3396, -0.7207, -0.5052,  ..., -1.0735, -0.3476,  0.0000],
          ...,
          [-1.5838, -1.0943, -0.9363,  ..., -1.4020, -0.6833,  0.0000],
          [-1.4849, -1.1746, -0.9938,  ..., -1.5006, -0.8295,  0.0000],
          [ 0.0000,  0.0000,  0.0000,  ...,  0.0000,  0.0000,  0.0000]],

         [[-0.4689, -0.4953, -0.6809,  ..., -0.6634, -0.6571,  0.0000],
          [-0.1786, -0.0751, -0.3259,  ..., -0.2302, -0.1746,  0.0000],
          [-0.2494, -0.1082, -0.3623,  ..., -0.3137, -0.1072,  0.0000],
          ...,
          [-0.3268, -0.2156, -0.5672,  ..., -0.5000, -0.3490,  0.0000],
          [-0.1419, -0.0759, -0.2751,  ..., -0.2242, -0.1282,  0.0000],
          [ 0.0000,  0.0000,  0.0000,  ...,  0.0000,  0.0000,  0.0000]],

         [[-0.4042, -0.6993, -0.6980,  ..., -0.5973, -0.3827,  0.0000],
          [-0.5138, -0.7937, -0.7666,  ..., -0.6885, -0.4589,  0.0000],
          [-0.5497, -0.6406, -0.6244,  ..., -0.6385, -0.3441,  0.0000],
          ...,
          [-0.2583, -0.2358, -0.2498,  ..., -0.2912, -0.1256,  0.0000],
          [-0.5416, -0.3850, -0.3419,  ..., -0.4620, -0.2880,  0.0000],
          [ 0.0000,  0.0000,  0.0000,  ...,  0.0000,  0.0000,  0.0000]]]],
       requires_grad=True), tensor([[[[-0.4832, -0.8013, -0.7826,  ..., -0.7189, -0.2732,  0.0000],
          [-0.4832, -0.8013, -0.7826,  ..., -0.7346, -0.2732,  0.0000],
          [-0.6403, -0.8824, -0.8818,  ..., -0.8800, -0.3871,  0.0000],
          ...,
          [-0.4913, -0.8862, -0.8862,  ..., -0.8515, -0.4569,  0.0000],
          [-0.4913, -0.6047, -0.6047,  ..., -0.8860, -0.4033,  0.0000],
          [ 0.0000,  0.0000,  0.0000,  ...,  0.0000,  0.0000,  0.0000]],

         [[-0.4578, -0.3084, -0.3084,  ..., -0.2331, -0.2880,  0.0000],
          [-0.1600, -0.0740, -0.0186,  ...,  0.4827,  0.4827,  0.0000],
          [-0.0603, -0.0603, -0.0186,  ...,  0.9451,  0.9451,  0.0000],
          ...,
          [-0.0326, -0.0326, -0.1003,  ...,  0.5918,  0.5918,  0.0000],
          [-0.1076, -0.1076, -0.2177,  ..., -0.1532, -0.1532,  0.0000],
          [ 0.0000,  0.0000,  0.0000,  ...,  0.0000,  0.0000,  0.0000]],

         [[-0.2167, -0.5988, -0.5988,  ..., -0.5793, -0.3118,  0.0000],
          [-0.1565, -0.5501, -0.5136,  ..., -0.4742, -0.2700,  0.0000],
          [-0.1565, -0.5375, -0.5136,  ..., -0.4742, -0.2700,  0.0000],
          ...,
          [-0.0081, -0.4953, -0.4953,  ..., -0.4989, -0.2207,  0.0000],
          [ 2.3333,  1.7403,  1.7403,  ...,  1.2870,  2.1395,  2.1395],
          [ 2.3333,  1.7403,  1.7403,  ...,  1.2870,  2.1395,  2.1395]],

         ...,

         [[-0.6034, -0.4223, -0.3841,  ..., -0.4943, -0.2587,  0.0000],
          [-0.7207, -0.5052, -0.5052,  ..., -0.6262, -0.3476,  0.0000],
          [-0.7207, -0.5052, -0.5052,  ..., -0.6262, -0.3476,  0.0000],
          ...,
          [-0.8196, -0.5275, -0.5275,  ..., -0.5411, -0.3947,  0.0000],
          [-1.0943, -0.9363, -0.9363,  ..., -0.8757, -0.6833,  0.0000],
          [ 0.0000,  0.0000,  0.0000,  ...,  0.0000,  0.0000,  0.0000]],

         [[-0.0751, -0.0751, -0.2800,  ..., -0.1592, -0.1746,  0.0000],
          [-0.0751, -0.0751, -0.2800,  ..., -0.1592, -0.1072,  0.0000],
          [-0.1082, -0.1082, -0.3399,  ..., -0.1985, -0.0569,  0.0000],
          ...,
          [-0.0667, -0.0667, -0.3064,  ..., -0.2126, -0.1328,  0.0000],
          [-0.0759, -0.0759, -0.2349,  ..., -0.2242, -0.1282,  0.0000],
          [ 0.0000,  0.0000,  0.0000,  ...,  0.0000,  0.0000,  0.0000]],

         [[-0.4042, -0.6980, -0.6245,  ..., -0.5973, -0.3827,  0.0000],
          [-0.5138, -0.6244, -0.6244,  ..., -0.6385, -0.3441,  0.0000],
          [-0.5497, -0.6244, -0.6244,  ..., -0.6001, -0.3203,  0.0000],
          ...,
          [-0.2358, -0.2358, -0.2328,  ..., -0.2912, -0.1256,  0.0000],
          [-0.2358, -0.2358, -0.2328,  ..., -0.2912, -0.1256,  0.0000],
          [ 0.0000,  0.0000,  0.0000,  ...,  0.0000,  0.0000,  0.0000]]]],
       grad_fn=<MaxPool2DWithIndicesBackward0>), MaxPool2d(kernel_size=(2, 2), stride=1, padding=0, dilation=1, ceil_mode=False)))