tensor([[[[-1.1490e-02, -6.7791e-03, -2.3665e-03],
          [-4.5808e-04,  4.3228e-03,  8.8642e-03],
          [-1.6395e-03,  2.7863e-03,  2.5009e-03]],

         [[-1.3635e-02, -5.1178e-03,  7.1854e-03],
          [-2.8246e-03, -3.5906e-03,  4.6863e-03],
          [ 2.9222e-03, -5.2366e-03,  4.5822e-03]],

         [[-5.8059e-03, -7.2926e-03, -3.8158e-03],
          [-6.1758e-04, -4.2243e-03, -1.2930e-03],
          [ 3.6233e-03,  5.5725e-03,  7.6357e-03]],

         ...,

         [[ 3.7273e-03,  9.1841e-03,  8.6262e-03],
          [ 1.0204e-02,  1.6373e-02,  1.3835e-02],
          [ 1.0371e-02,  1.8030e-02,  2.1420e-02]],

         [[-2.8774e-02, -2.0400e-02, -1.4020e-02],
          [-1.3245e-02, -2.9033e-03, -4.2739e-03],
          [-7.6004e-04,  8.2220e-03,  3.3617e-03]],

         [[-4.0298e-03,  2.7869e-03, -4.1620e-03],
          [-5.5528e-03, -2.0293e-03, -6.3525e-03],
          [-4.5734e-03, -4.4127e-03, -5.4948e-03]]],


        [[[-3.8345e-03, -1.1679e-02, -9.3623e-03],
          [-8.7646e-03, -1.6083e-02, -1.0365e-02],
          [-8.8005e-03, -1.3567e-02, -8.5132e-03]],

         [[ 2.9144e-03,  4.4675e-03,  4.3633e-03],
          [ 2.6781e-04,  2.5840e-03, -6.9356e-04],
          [ 2.0198e-03,  4.4950e-04, -3.3899e-03]],

         [[ 1.8910e-03, -3.3588e-03,  1.8154e-03],
          [-2.0050e-03, -9.7799e-03, -9.7047e-04],
          [ 2.4073e-03, -8.7090e-04,  5.3760e-03]],

         ...,

         [[-1.0150e-02, -4.2795e-03,  1.0623e-03],
          [-1.2434e-02, -6.8312e-03, -3.0521e-03],
          [-1.0953e-02, -9.0589e-03, -5.8362e-03]],

         [[ 2.8945e-03,  5.9160e-03,  1.3735e-03],
          [ 9.5832e-03,  1.0511e-02,  7.1911e-03],
          [ 6.0985e-03,  4.7320e-03,  4.9981e-03]],

         [[ 4.7360e-03,  6.0273e-03,  6.3123e-03],
          [ 5.2212e-03,  4.0194e-03,  2.6795e-03],
          [ 3.9103e-03,  1.7686e-03,  2.0247e-03]]],


        [[[ 1.6657e-03,  1.2677e-02,  1.5568e-02],
          [ 3.2703e-03,  9.2359e-03,  1.5304e-02],
          [ 1.3667e-02,  1.4712e-02,  1.1942e-02]],

         [[ 5.9934e-03,  2.7799e-03,  2.1442e-03],
          [ 5.3405e-03,  2.4646e-03,  2.3646e-03],
          [ 1.8115e-03, -1.1448e-03,  3.3718e-03]],

         [[-1.4371e-02, -1.1011e-02, -1.0682e-02],
          [-6.8959e-03,  1.1210e-04, -3.9927e-03],
          [-2.0620e-03,  3.2726e-03,  1.8849e-03]],

         ...,

         [[-7.9536e-03, -1.0365e-02, -7.8854e-03],
          [-1.0037e-02, -1.0608e-02, -5.6755e-03],
          [-2.1818e-03, -4.3067e-03, -3.7966e-03]],

         [[ 4.5756e-03,  3.7411e-03, -4.9617e-03],
          [ 6.3216e-03,  3.6206e-03,  1.4781e-03],
          [ 2.4319e-03,  1.6327e-03, -2.7795e-03]],

         [[ 7.0301e-04, -4.7609e-03, -6.3761e-03],
          [ 2.3270e-03, -8.5251e-03, -7.1625e-03],
          [ 4.9841e-03,  1.6912e-04, -2.1429e-03]]],


        ...,


        [[[ 4.2329e-03,  5.0981e-03,  4.7462e-03],
          [ 6.1821e-03,  5.7530e-03,  4.5459e-03],
          [ 6.7871e-03,  4.2735e-03,  7.6658e-03]],

         [[-6.4920e-03, -8.2938e-03, -5.1576e-03],
          [-1.2107e-02, -8.9819e-03, -5.9260e-03],
          [ 1.0364e-03,  4.7057e-03,  8.0835e-04]],

         [[-1.0743e-03, -3.2313e-03, -9.3089e-04],
          [-5.6953e-03, -8.0232e-03, -4.1679e-03],
          [ 9.9447e-04, -2.3721e-03,  2.5921e-04]],

         ...,

         [[-2.4861e-03, -6.7890e-03, -2.1009e-03],
          [-2.3357e-03, -5.2039e-03, -5.6833e-03],
          [ 4.4251e-03, -7.7143e-04, -7.7709e-03]],

         [[ 3.0309e-03, -2.4254e-03,  1.2438e-03],
          [-2.6162e-03, -1.4812e-03,  1.9854e-03],
          [-9.6762e-04,  2.7174e-03, -2.2012e-03]],

         [[-5.2562e-04, -1.9461e-03, -6.1091e-03],
          [ 2.9694e-03,  2.1315e-03, -3.0889e-05],
          [ 8.7596e-03,  8.8370e-03,  4.3442e-03]]],


        [[[ 4.5124e-04, -1.4496e-03, -6.7933e-03],
          [ 3.1569e-03,  2.1826e-03, -3.5817e-03],
          [ 4.6710e-03,  2.2581e-03, -6.6319e-03]],

         [[-3.6761e-03, -7.9228e-03, -2.0516e-03],
          [-9.5321e-03, -6.1132e-03, -3.1877e-03],
          [-6.4223e-03, -1.0296e-02, -3.6180e-03]],

         [[ 1.6080e-02,  3.4181e-03,  2.5481e-03],
          [ 9.7896e-03, -4.2495e-04,  1.2254e-03],
          [ 4.0281e-03, -2.7192e-03, -1.4743e-03]],

         ...,

         [[ 8.5960e-03,  9.5787e-03, -1.8841e-03],
          [ 6.2227e-03,  4.4317e-03,  2.0686e-03],
          [ 8.3870e-03,  2.1441e-03, -3.9029e-03]],

         [[ 1.5363e-03,  1.3652e-03,  5.6561e-05],
          [ 2.6385e-03,  2.6816e-03, -4.8554e-04],
          [-1.8078e-03, -6.1775e-03, -5.9673e-03]],

         [[-5.0414e-03, -8.9667e-03,  3.7540e-03],
          [-3.9474e-03, -5.7228e-03,  7.9890e-04],
          [ 5.7073e-03,  4.0085e-03,  5.6312e-03]]],


        [[[-9.9747e-03, -3.7159e-03,  3.1447e-03],
          [-4.4305e-03, -8.2728e-03,  2.4122e-03],
          [-3.2833e-03, -2.2233e-03,  8.4128e-03]],

         [[ 5.9618e-04, -8.1824e-04, -4.0761e-03],
          [ 1.9215e-03,  2.3762e-03,  1.7681e-03],
          [-1.1804e-02, -5.7243e-03, -8.4536e-04]],

         [[-9.8560e-03, -6.0984e-03, -1.2358e-03],
          [-7.5473e-03, -6.2294e-03, -2.1544e-03],
          [-5.5528e-03, -7.1446e-03, -4.2459e-03]],

         ...,

         [[ 1.8809e-03,  5.8858e-03,  1.2438e-03],
          [-1.5160e-03,  3.1493e-03,  3.6192e-03],
          [-5.6552e-03,  1.8622e-03,  9.8323e-03]],

         [[-5.5495e-03, -3.4173e-04, -9.3861e-03],
          [-3.6117e-03, -6.0340e-03, -1.4410e-02],
          [ 1.6146e-04,  3.3328e-03, -1.9373e-03]],

         [[-7.0520e-03, -5.6049e-03, -3.7577e-03],
          [-5.1369e-03, -7.8303e-03, -5.7144e-03],
          [-3.2296e-03, -3.8342e-03, -4.6142e-03]]]])