tensor([[[[ 4.6231e-03, -1.2384e-02,  3.7042e-03],
          [-1.7212e-03, -6.3834e-03,  4.7689e-03],
          [-1.7534e-02, -1.7611e-02, -1.7411e-02]],

         [[-2.2458e-03,  8.4808e-03, -8.8349e-03],
          [-6.6802e-03,  1.1396e-02, -2.8269e-03],
          [ 2.8295e-03, -1.1667e-02,  7.2660e-03]],

         [[-1.2078e-02,  6.4352e-03,  1.2391e-03],
          [-1.4242e-03, -1.2073e-02,  9.9688e-03],
          [-8.1528e-03, -1.5888e-02, -3.7800e-03]],

         ...,

         [[ 6.1480e-04,  8.2725e-03, -1.0950e-02],
          [ 1.1251e-02, -5.7052e-03, -9.0556e-03],
          [ 1.3945e-03, -1.3299e-02,  1.9812e-03]],

         [[ 1.3583e-02,  9.5572e-03,  1.3922e-02],
          [-4.3327e-04,  1.0688e-03,  1.6809e-02],
          [-1.1311e-02,  8.2622e-03,  1.8856e-02]],

         [[ 1.2046e-02, -1.9377e-03,  8.6581e-03],
          [-1.0760e-02, -1.0115e-02,  1.1470e-02],
          [-3.9967e-03,  5.8214e-03, -1.6808e-03]]],


        [[[ 2.5539e-03,  1.1260e-02, -5.7503e-03],
          [-2.0005e-03,  3.9390e-03, -7.2372e-03],
          [-5.4176e-03, -4.5753e-03, -5.2115e-03]],

         [[ 7.7325e-03, -6.2291e-03,  7.1444e-03],
          [-1.6097e-03,  1.2613e-02, -3.6676e-03],
          [-1.0185e-02, -4.5772e-03,  8.9631e-03]],

         [[ 1.5732e-02, -2.7359e-04,  3.9033e-03],
          [ 1.1224e-02, -7.3227e-03, -1.4200e-02],
          [ 4.2713e-03, -1.4211e-03, -7.9233e-03]],

         ...,

         [[-1.1243e-02,  1.0947e-02, -6.4864e-03],
          [-2.3286e-03, -1.2029e-02, -1.3215e-02],
          [-7.7531e-03, -6.9996e-03, -1.1170e-02]],

         [[-1.3512e-02,  1.6314e-04, -3.0571e-03],
          [-7.0378e-03, -9.5963e-03, -5.7756e-03],
          [ 1.0299e-02,  1.4602e-02,  3.9402e-03]],

         [[ 3.3185e-03,  9.8956e-04,  7.5742e-03],
          [-1.6126e-02,  1.0401e-02, -1.7654e-03],
          [ 7.7562e-05,  8.0993e-03,  2.5673e-03]]],


        [[[ 1.0125e-02, -7.9870e-03, -1.1630e-02],
          [ 1.4562e-03, -8.9584e-03,  6.2601e-03],
          [ 5.7443e-03, -1.4266e-03,  3.5300e-03]],

         [[ 9.3077e-03,  8.9052e-03, -1.1214e-02],
          [ 1.2625e-02, -1.1559e-02,  5.8550e-03],
          [ 2.0442e-03, -3.8651e-03,  1.2981e-02]],

         [[ 5.4288e-03, -1.4776e-02,  2.7787e-03],
          [-2.2413e-03,  7.6902e-03, -6.4886e-03],
          [-8.4276e-03,  1.1015e-02, -6.6722e-03]],

         ...,

         [[-1.2185e-02,  5.6290e-03, -1.4159e-02],
          [-2.9233e-03,  9.1415e-03,  7.4935e-03],
          [ 9.3154e-03, -5.1514e-03, -6.3870e-03]],

         [[ 1.1652e-02,  1.2144e-02, -5.6120e-04],
          [-1.1598e-02, -9.9497e-03, -3.8579e-03],
          [-9.0782e-04,  1.7647e-03, -1.1961e-02]],

         [[ 1.6333e-03,  9.0338e-03,  2.4060e-03],
          [ 1.0975e-02,  5.1178e-03,  7.5065e-03],
          [ 4.8240e-03, -8.5325e-03,  1.9853e-03]]],


        ...,


        [[[ 4.8501e-03, -5.3685e-03,  3.5506e-03],
          [ 2.2762e-03, -1.2922e-02, -1.8336e-02],
          [ 5.9694e-03, -1.2483e-02, -1.8190e-03]],

         [[ 1.4461e-02, -1.0817e-02, -7.0089e-03],
          [-9.8089e-03,  5.0451e-03,  6.1671e-04],
          [-1.0668e-02,  5.7704e-03, -1.3188e-02]],

         [[ 1.5405e-02,  7.2150e-03,  2.1843e-04],
          [-2.1329e-03, -6.9205e-03,  2.6774e-03],
          [-9.1794e-03,  1.1025e-03, -1.2392e-03]],

         ...,

         [[ 8.0621e-03, -3.7617e-04, -5.7441e-03],
          [-6.0232e-03,  1.3453e-02,  1.4865e-02],
          [ 1.0589e-02,  8.0085e-03, -1.2224e-02]],

         [[ 8.7504e-03,  7.6352e-03, -2.8794e-03],
          [ 1.1526e-02, -3.7328e-03, -4.5071e-03],
          [-9.1063e-03,  5.9785e-03, -1.0771e-02]],

         [[-9.4631e-03,  4.4177e-03,  9.7201e-03],
          [-2.9350e-03, -2.4076e-04,  5.0898e-03],
          [-2.3891e-03, -9.1785e-03, -9.9478e-03]]],


        [[[-1.7700e-02,  2.1573e-03, -1.6894e-02],
          [-1.0866e-02,  9.5412e-04, -4.2791e-05],
          [ 3.3836e-03,  1.1023e-02,  3.0082e-03]],

         [[ 5.8410e-03,  1.1857e-02, -5.3688e-03],
          [ 5.9716e-03,  9.0011e-04,  6.2519e-03],
          [ 1.0653e-02, -4.5974e-03,  6.0442e-03]],

         [[-9.4739e-03,  2.2126e-03, -3.0393e-03],
          [-7.2973e-03,  6.2123e-03, -1.1484e-02],
          [-1.0283e-02, -1.3267e-02, -7.1395e-04]],

         ...,

         [[-1.1156e-03,  1.1222e-02,  8.2681e-03],
          [ 3.4049e-03,  6.2188e-03,  1.0024e-02],
          [-3.6688e-03,  2.6749e-03,  1.2341e-02]],

         [[ 1.1329e-02,  4.7646e-03, -1.4737e-02],
          [ 7.2769e-03, -8.0304e-03, -9.4167e-03],
          [-7.0012e-03,  8.2766e-03, -1.7127e-03]],

         [[ 8.3406e-03,  1.7089e-03,  7.6477e-04],
          [ 8.1299e-03, -1.1679e-02, -2.5314e-03],
          [ 3.9214e-04, -4.6241e-03,  1.7403e-03]]],


        [[[ 7.1990e-03,  1.2052e-02, -2.6145e-03],
          [-1.1114e-02, -1.0915e-03, -4.5137e-03],
          [ 7.5002e-03, -1.6025e-02, -1.9587e-02]],

         [[ 8.6702e-03,  1.3053e-04,  4.8151e-03],
          [ 8.0841e-03, -3.5210e-04, -2.4849e-03],
          [ 6.5791e-03, -2.2178e-03,  8.2109e-03]],

         [[-1.1019e-02,  5.0343e-03,  1.9788e-05],
          [-3.8545e-04,  2.2875e-03, -9.9348e-03],
          [-1.5055e-02, -5.2597e-03, -1.1026e-02]],

         ...,

         [[ 9.5292e-03, -7.7310e-03, -1.0736e-02],
          [-1.1289e-03,  1.2139e-02,  1.4912e-02],
          [ 7.5784e-03,  1.4433e-02, -1.0477e-02]],

         [[ 5.3896e-03, -7.5413e-03, -7.1687e-03],
          [-7.9787e-03,  1.6771e-03, -6.6554e-03],
          [-1.7100e-03,  9.2590e-03, -1.1343e-02]],

         [[-1.1320e-02,  5.0331e-03, -1.3932e-02],
          [ 1.1638e-02,  1.6724e-03,  1.9707e-03],
          [ 4.4938e-04,  1.0673e-02,  1.4323e-03]]]])